#T/K Taveraged/K integrand/(eV K^2) rho/A^-3 potentialEnergy/(eV) P/bar Ptarget/bar v/A^3
20 19.9998115288642 -0.392004342661937 0.134269903880994 -156.49802518813 3.96853254904089 0 7.44768537919207
20.8928571428571 20.8846161027976 -0.359456149989475 0.134239937638793 -156.497905265397 1.56614661103762 0 7.44934791828311
21.7857142857143 21.7893480884914 -0.330219016399546 0.134217142127008 -156.497784862153 0.742462814230653 0 7.45061311955006
22.6785714285714 22.6823209799536 -0.304719556909143 0.134197322623977 -156.497663528419 0.30632663534348 0 7.4517134950748
23.5714285714286 23.5537398195362 -0.282590365186392 0.13418372776514 -156.497541045907 0.699270497634257 0 7.45246846734119
24.4642857142857 24.4781446469415 -0.261639990675596 0.134169493991511 -156.497419230212 0.786683153418311 0 7.45325908483542
25 24.9974118959065 -0.250913615393839 0.134165862208923 -156.497340777035 6.60920850872879 0 7.45346083970898
25 25.0037168761168 -0.250785383251429 0.134168095589113 -156.497341090749 -1.08812299821768 0 7.45333676839594
25 25.0192107360343 -0.250475113620061 0.134175038858869 -156.497342712696 -7.01473472053599 0 7.45295107424444
25.3571428571429 25.3580449869751 -0.243814861981243 0.134148089507486 -156.497301452987 -1.80407268356681 0 7.45444831656883
25.5 25.5154013704318 -0.240824512660625 0.134153358720087 -156.497273669236 5.56619762662327 0 7.45415552424977
25.75 25.7564197549508 -0.236349002897081 0.134155396456823 -156.497240398566 0.00383027959234664 0 7.45404230028006
26 26.0447098556649 -0.231130115720449 0.134134873510455 -156.497209310401 3.46222143849852 0 7.45518278601916
26.25 26.2448703217207 -0.227606435342292 0.134129836676476 -156.497175824311 -1.90579139810301 0 7.45546274250689
26.25 26.2513037962792 -0.227518356460581 0.134131853542934 -156.497179874286 1.16412151742497 0 7.45535063883919
26.5 26.4841221436047 -0.223552852237958 0.134125806466709 -156.497142503692 -3.86064981986551 0 7.4556867641143
26.5 26.5006512243344 -0.223228069460023 0.134130835955634 -156.497140853636 -1.36009820024364 0 7.45540719906322
27 26.9793870859038 -0.215401161397984 0.134115697194739 -156.497077700666 -8.60768118599332 0 7.45624875325354
27.1428571428571 27.1458833063053 -0.21275347293919 0.134105206103257 -156.497054557722 0.80983064347 0 7.45683205788469
27.25 27.2572410894243 -0.211021365921818 0.134112464701324 -156.497038472265 -1.41415228939782 0 7.456428470143
27.5 27.5252294412618 -0.206904399440852 0.134091526204931 -156.497014590257 2.21858152181526 0 7.45759279726378
28 27.9351005590124 -0.200896198336521 0.134080312576815 -156.49693813135 -11.7312281534568 0 7.45821650309101
28 28.0102511193725 -0.199840029600235 0.134092115926685 -156.496934939465 0.711962385977967 0 7.45755999962559
28.0357142857143 28.0308360152009 -0.199537753492294 0.134090707519286 -156.496934130325 -0.521041669671074 0 7.45763832930905
28.5 28.5616497622704 -0.192174466737023 0.134070154347786 -156.496874724992 -3.98030402528257 0 7.45878159732656
28.75 28.7615377838313 -0.189533327676007 0.134071140982267 -156.496836273258 0.367028650616709 0 7.45872670787715
28.9285714285714 28.9370900687779 -0.187220759834123 0.134066598335235 -156.496813360985 -1.19617628382683 0 7.45897943572407
29 29.0224226677953 -0.186161873572947 0.134055960061856 -156.496810861312 -7.01011372634889 0 7.45957135765227
29.5 29.4976467906419 -0.180187796885616 0.134041829190535 -156.496741844934 -0.20316417751214 0 7.4603577557759
29.5 29.5224473611532 -0.179903788223455 0.134046558928198 -156.496738877929 10.9612840196096 0 7.46009452234916
29.8214285714286 29.8081008949446 -0.176451438148773 0.134052236499293 -156.496688406648 -0.605793028365043 0 7.45977856180919
30.25 30.2513636281489 -0.171310693268553 0.134018352553055 -156.496637740388 0.754923154333087 0 7.46166462241894
30.7142857142857 30.7192157902218 -0.166139044263271 0.13403301206914 -156.49656839246 0.677572221599123 0 7.46084852203541
31.6071428571429 31.6090865988631 -0.156923763909341 0.134005255481951 -156.496448172515 1.63020543557983 0 7.46239389196707
32.5 32.5076806045357 -0.148362723337209 0.133981593181407 -156.496331455733 -2.35603265866477 0 7.46371181484633
33.3928571428571 33.3856367572223 -0.140649741524855 0.133969924186766 -156.496208066436 -0.453390639167672 0 7.46436191608136
34.2857142857143 34.2754583062288 -0.133453125328761 0.133954173874317 -156.496084076758 0.0289931886328614 0 7.46523957467911
35.1785714285714 35.1798891823743 -0.126687975124076 0.133912887969747 -156.495962248066 0.676642412786437 0 7.4675411393257
36.0714285714286 36.0775261107699 -0.120459950781971 0.133895804386543 -156.495842865643 -0.0970031447897405 0 7.46849391272264
36.9565217391304 36.8930452395126 -0.115179676525608 0.133901400448562 -156.495724048317 6.83330191965867 0 7.46818178637455
36.9642857142857 36.950934724175 -0.114831632709406 0.133877359210603 -156.495720303207 0.982106319100864 0 7.46952289689919
37.8571428571429 37.8844822650016 -0.109237294055472 0.133860083070236 -156.495598902794 -0.706342440189398 0 7.47048692234343
37.8571428571429 37.8848745863924 -0.109234980193493 0.133864315637168 -156.495595117088 -2.05909725990404 0 7.47025071797657
38.75 38.7542212540371 -0.104382643116492 0.133828812919718 -156.495479689754 -1.19701979813819 0 7.47223246013464
39.6428571428572 39.6550423733194 -0.0997016701450016 0.133825228192847 -156.4953540939 -2.5548722091032 0 7.4724326160607
40.5357142857143 40.5309608708721 -0.0954440329439202 0.13380124845042 -156.495232512308 -0.428688338992085 0 7.47377181888216
41.4285714285715 41.4220064582727 -0.0913698298706824 0.13377338255857 -156.495110452485 -1.34317601159676 0 7.4753286556253
42.3214285714286 42.3132670676269 -0.0875567688072118 0.133762548052546 -156.494992338999 -1.17644211672557 0 7.4759341426957
43.2142857142858 43.2099954643013 -0.0839677860963636 0.133730837528765 -156.494872815487 0.280466431383962 0 7.47770685115841
48.9130434782609 48.8871708017576 -0.0655979807763344 0.133599489414014 -156.494079020607 -10.4546567935917 0 7.48505854615267
60.8695652173913 60.8123517685372 -0.0423942433399459 0.133306982070149 -156.492433986284 -3.46648791318955 0 7.50148255155743
72.8260869565217 72.8058259332894 -0.0295744986991962 0.13297736385873 -156.49076740985 -46.2532743642247 0 7.52007688362933
80 79.986017357611 -0.024503940272645 0.132863215248668 -156.489749162361 -26.7170282585944 0 7.52653771119709
92.2222222222222 92.1726911072223 -0.0184499105914618 0.132474114618382 -156.488028162221 24.7391938931033 0 7.54864452486209
104.444444444444 104.51710649745 -0.01434937316978 0.1321799015269 -156.486266563965 2.02937803332625 0 7.56544670141469
116.666666666667 116.62917321351 -0.0115231982186086 0.131796812916852 -156.484500085626 -2.1344079874941 0 7.58743688764977
128.888888888889 128.914558959639 -0.009433838605589 0.1314568495731 -156.482681568058 5.75881973072996 0 7.6070589189339
141.111111111111 141.313994235463 -0.0078491282810018 0.130986232887331 -156.480839088772 -28.2589595522646 0 7.63439010311991
153.333333333333 153.298900364247 -0.00667000217459777 0.130620120524452 -156.478995083024 -24.7830890115583 0 7.65578837306925
