#T/K Taveraged/K integrand/(eV K^2) rho/A^-3 potentialEnergy/(eV) P/bar Ptarget/bar v/A^3
20 20.0018920575679 -0.391623767895023 0.0566964882564872 -156.486516732199 0.836722154093557 0 17.6377767080764
20.8928571428571 20.9004270342538 -0.358676845682309 0.0566729837417678 -156.486395519251 -0.243149163070431 0 17.6450917875884
21.7857142857143 21.7858791619711 -0.330128378478219 0.0566527643684934 -156.486272727519 -0.00405850936782931 0 17.651389321368
22.6785714285714 22.6703264608096 -0.304854525213807 0.0566433625145343 -156.486149520276 0.306833419603746 0 17.6543191577549
23.5714285714286 23.5730688380587 -0.281936013343782 0.0566328985268306 -156.486026602173 -1.55776378974836 0 17.6575811235626
24.4642857142857 24.4723436909917 -0.261612575682517 0.0565975339808916 -156.485902928226 0.00888130255663822 0 17.6686143311053
25 24.9964495370419 -0.250767105674606 0.0565768440132126 -156.48583247369 -4.29043730440286 0 17.6750756858489
25 25.000229197952 -0.250684417210713 0.0566065929261522 -156.485830237768 -1.34630945410092 0 17.6657867627642
25 25.0092534757355 -0.250501135620764 0.0565788132989154 -156.485829365006 0.928208794678874 0 17.6744604860627
25.3571428571429 25.3558517309392 -0.243691334715045 0.0565896651609848 -156.485779630812 -0.559401457749639 0 17.6710711603475
25.5 25.5146323883342 -0.240672259570614 0.0565679699810243 -156.485760573747 0.137765037346653 0 17.677848442068
25.75 25.7463409085862 -0.236351303597645 0.0565766843201629 -156.485727699784 -2.04138188778234 0 17.675125575424
26 26.0158388508328 -0.231483940923236 0.0565688036174205 -156.485690551822 2.76434701641238 0 17.6775879292601
26.25 26.2635923619703 -0.22713294498842 0.0565604119757409 -156.485658154025 1.23185944206339 0 17.6802106821447
26.5 26.4689010001636 -0.223637537746241 0.0565728816496275 -156.485622871797 -2.33536056809889 0 17.6763136478233
26.5 26.5001052332846 -0.223101372812167 0.0565596555982112 -156.485623000018 0.762416576130844 0 17.680447121245
27 26.9778510454222 -0.215280500952227 0.0565491193515431 -156.485553058665 2.94742000823239 0 17.6837413467644
27.0588235294118 27.096558476675 -0.213406363339468 0.0565394560404077 -156.485546930604 6.15823689983745 0 17.6867637227588
27.1428571428571 27.1264524305984 -0.212921775173913 0.0565509108288603 -156.485533991535 0.086955605554554 0 17.6831811432055
27.25 27.2473533740034 -0.21103951875204 0.0565581117660107 -156.485519569543 -0.690524764088094 0 17.6809297336012
27.5 27.5011599748206 -0.207171727294055 0.0565369626526266 -156.485483887546 2.85215717922266 0 17.6875437427402
28 28.0080481280087 -0.199725263883776 0.0565417079254712 -156.485414768191 0.389768074852255 0 17.6860593125011
28 28.0161299948709 -0.199600779083484 0.056523781981057 -156.485415573411 0.463838687854163 0 17.6916682669099
28.0357142857143 28.0428059050098 -0.199222323775819 0.0565172691440445 -156.485410543272 -0.776978653070244 0 17.6937069880592
28.5 28.4546631634033 -0.193511219350108 0.0565177865307457 -156.485347962274 -2.00285676426876 0 17.6935450127014
28.75 28.7385422812671 -0.189712121062955 0.0565088170949995 -156.485311290821 -0.997421803176272 0 17.6963534437264
28.9285714285714 28.9156693470207 -0.187386305505827 0.0565104662633237 -156.485284403433 1.46316472374866 0 17.6958370037201
29 28.9630653330616 -0.186783122422544 0.0565071692181733 -156.485274893244 -1.11354537620278 0 17.6968695094071
29.1176470588235 29.0948518863276 -0.185073672612117 0.0564948282963696 -156.485257896729 0.296144125910703 0 17.700735273573
29.5 29.4893305250502 -0.180162268723234 0.0565087460266947 -156.485207795967 3.10699961990761 0 17.6963756995705
29.5 29.5028725325539 -0.179994331456787 0.0564910946924944 -156.485204438078 -4.20076825996244 0 17.701905148828
29.8214285714286 29.8264147077657 -0.176113716434268 0.0564724425131315 -156.485161559976 1.42688613586756 0 17.7077518785817
30 29.9874244867567 -0.174232321679356 0.0565070198755369 -156.485131521879 2.39586106785044 0 17.6969162805367
30.25 30.2665504449387 -0.171024152794148 0.0564901439609628 -156.485101332268 1.21844148530537 0 17.7022030726465
30.5 30.5066639970921 -0.168346634611513 0.0564782624075068 -156.48506477058 1.0755652004823 0 17.7059271544991
30.7142857142857 30.7091722636225 -0.166123824956295 0.0564653157822843 -156.485038427798 -1.3115449192607 0 17.7099868502594
31 30.9998055781334 -0.163033378355427 0.0564698355032352 -156.484999653379 0.0458053487176897 0 17.7085693820147
31 31.0100336859086 -0.162907949112252 0.0564700362280878 -156.484999404349 -0.368105933026656 0 17.7085064362435
31.1764705882353 31.1316985872324 -0.161663172506329 0.0564748835316112 -156.484969678932 -4.08399295098948 0 17.7069864949834
31.5 31.5435919452937 -0.157464780025165 0.056455803277531 -156.484926197822 3.48355538497463 0 17.7129708895311
31.6071428571429 31.5991028472568 -0.156915929147638 0.0564510226686829 -156.48491022047 1.8681161194676 0 17.7144709294127
31.75 31.7644425109734 -0.15528224795843 0.0564347487044152 -156.484892042982 -0.310816049179296 0 17.719579212404
32 31.9858840958688 -0.153157530267586 0.0564425004858718 -156.484857449874 -4.6093856643501 0 17.717145615303
32.5 32.4323516806244 -0.14895182322894 0.0564185522337177 -156.48479492413 -0.157189018764323 0 17.7246660966668
32.5 32.4988613235877 -0.148337890694194 0.0564315126571331 -156.484786667737 1.46736609499514 0 17.7205953360812
32.5 32.5105372642918 -0.148238932326832 0.0564476528524008 -156.484790638357 -1.41687290144124 0 17.7155284492483
33 32.9965200959027 -0.143891695571981 0.0564230401083673 -156.484718393942 2.00381845638806 0 17.723256281111
33.2352941176471 33.2284622790924 -0.141884037084725 0.0564268368821734 -156.484686599869 5.37207983629784 0 17.7220637422603
33.25 33.2663559833867 -0.141575633020351 0.0563939468530008 -156.484683040368 -0.0604158654358637 0 17.7323995890312
33.3928571428571 33.3913248864627 -0.140514169100867 0.0564282377417616 -156.484662749573 -1.2667332261882 0 17.72162378305
33.5 33.5105240915442 -0.139518574435836 0.0564011880358224 -156.484648059002 0.279147820416352 0 17.7301229783469
34 34.003936691391 -0.135501058721403 0.0564122809880594 -156.484577794815 -1.31666283885099 0 17.726636513983
34 34.0419110429121 -0.135200098830383 0.0563986046631699 -156.484580933773 -2.83269650556468 0 17.7309351174965
34.2857142857143 34.2871720761106 -0.133269168216986 0.0564062666274117 -156.484537494948 0.592897537918296 0 17.7285266299477
34.5 34.4699407561162 -0.13186748995245 0.0564074946121744 -156.484510648701 2.39677782659467 0 17.7281406819329
34.75 34.7716868150811 -0.129570984853811 0.0563992141455089 -156.48447549919 0.65142392002113 0 17.7307435068159
35 35.0274377283746 -0.127710569706172 0.0563823034914706 -156.484438966686 0.308667623944424 0 17.7360614603353
35.1785714285714 35.1902948898217 -0.126522458316806 0.056393314202826 -156.484413349873 -0.70002227132482 0 17.7325985205155
35.2941176470588 35.3105360636339 -0.125669786287589 0.0563986054533134 -156.484398301576 3.72343756276564 0 17.7309348690864
35.5 35.5336530705892 -0.124074499090841 0.0563690216551416 -156.484371040185 3.20322652366139 0 17.7402404838223
36.0714285714286 36.0621003152818 -0.120474651774781 0.0563761833069161 -156.484287105605 1.72297279499241 0 17.7379868827928
36.9642857142857 36.9529969813121 -0.114737623101767 0.0563401899886977 -156.484162525948 0.524302696834449 0 17.7493189178206
36.9642857142857 36.9806409526986 -0.114564132416626 0.0563226169403201 -156.48416228414 0.255309180300597 0 17.7548568288226
37.2727272727273 37.1862924848823 -0.11329933112051 0.0563298160647631 -156.484120905382 5.23340852974518 0 17.7525877032917
37.3529411764706 37.3512118153121 -0.112306841593932 0.0563276362415618 -156.484106399617 2.35505817434135 0 17.7532747106853
