#T/K Taveraged/K integrand/(eV K^2) rho/A^-3 potentialEnergy/(eV) P/bar Ptarget/bar v/A^3
20 19.9815949254365 -0.393202178722346 0.125106580020931 -156.521808259495 -4.23370711689424 0 7.99318468966775
20 20.0150266341666 -0.391918518198256 0.125086154239703 -156.521815909914 4.3975444555841 0 7.99448992638865
23.030303030303 23.0326568172996 -0.295919723474622 0.125031392573275 -156.521397794929 13.8435865619085 0 7.99799137975644
26.0606060606061 26.0674335028109 -0.231022226812569 0.124964536735778 -156.520993731336 -0.0815473413407329 0 8.0022702930062
29.0909090909091 29.0963823193991 -0.185427731378865 0.124870788527517 -156.520582622743 7.95577972597845 0 8.00827809123381
29.6666666666667 29.668621983635 -0.178360863290022 0.124837466774531 -156.520508689036 -0.638787768707952 0 8.01041566956897
32.1212121212121 32.0962848365685 -0.15236124104209 0.124799287608991 -156.520175807749 6.62343039838548 0 8.01286625235473
35.1515151515151 35.1158437591552 -0.127302328761531 0.124712937024293 -156.519761362115 0.984811293367731 0 8.01841431899892
38.1818181818182 38.147314657753 -0.107861871773897 0.124641220954038 -156.519344839093 9.68359902302675 0 8.02302795452202
39.3333333333333 39.4183061583858 -0.101024009760758 0.124617918686057 -156.519201966103 -17.0495430851163 0 8.02452817816069
41.2121212121212 41.2318530064871 -0.0923361907440469 0.12455366030015 -156.518939191937 -8.00810175419334 0 8.02866810650278
44.2424242424242 44.1960248168793 -0.0803857470582694 0.124486846825447 -156.518544832668 4.27878021478294 0 8.03297718193621
45.8524560655738 45.913750653595 -0.0744478928031613 0.124460450028414 -156.518300015032 -8.53893789235617 0 8.03468089478786
46.3497237704918 46.3228242554275 -0.0731758449834437 0.124434202444926 -156.518243968708 7.27913174497837 0 8.03637569375344
46.8469914754098 46.8805482896139 -0.0714258385184688 0.12442799081128 -156.518178424291 -7.1264791917631 0 8.03677688179262
47.2727272727273 47.210404120952 -0.0704187974949423 0.124385119269646 -156.518118468448 2.57826707344889 0 8.0395468997555
47.3442591803279 47.3681773761296 -0.0699580021795428 0.124396320446126 -156.518109487669 3.44657917538521 0 8.03882298458405
47.8415268852459 47.862201866659 -0.0685350308711699 0.124377461912282 -156.518029435646 0.279194715630499 0 8.04004185826893
48.3387945901639 48.253921464639 -0.0674027682030009 0.124355664953439 -156.517967603538 4.78772119718353 0 8.04145111020407
48.836062295082 48.9132315669113 -0.0656140957986697 0.124391251486327 -156.517888901741 -3.94867781387069 0 8.03915056767412
49 48.9877854475587 -0.0654106070178536 0.124341979798512 -156.5178877706 0.823305477048183 0 8.04233615726915
49.33333 49.3872562282876 -0.0643650300815969 0.124348624187466 -156.517845111125 -8.50897574220281 0 8.04190642666395
50.3030303030303 50.340855581522 -0.06194372282209 0.124327941718422 -156.517708136997 -9.17075007223225 0 8.04324423117052
53.3333333333333 53.3858410047748 -0.0550735143823026 0.124261167884764 -156.517295182666 -2.85970126304896 0 8.04756640407059
56.3636363636364 56.3599515637624 -0.0494141999551133 0.12417757169766 -156.516892765494 15.9458213475722 0 8.05298401578295
58.6666666666667 58.5738077278033 -0.0457538292329479 0.124107413084302 -156.516542270092 12.3660809221289 0 8.05753641259717
59.3939393939394 59.3107389493084 -0.0446330857406502 0.124098189285781 -156.516436871658 -15.2462835985159 0 8.0581353020159
62.4242424242424 62.3892864917335 -0.0403277009981529 0.124021971047633 -156.516037621993 11.077892571817 0 8.06308746388115
65.4545454545455 65.3073635395486 -0.0367999174151936 0.123949585022701 -156.515613551457 18.6415971808735 0 8.06779627230579
68.3333333333333 68.4490883612492 -0.033502837876981 0.123841413606247 -156.515221046474 -25.8221850116257 0 8.07484322796484
68.4848484848485 68.4645248818865 -0.0334811490214354 0.123877234674709 -156.515176482714 13.5629408442168 0 8.07250825888966
71.5151515151515 71.4715027714252 -0.0307310266721447 0.12377090711311 -156.514782525041 9.73153155021293 0 8.07944308823832
74.5454545454545 74.667892964193 -0.0281551290007799 0.12368175010124 -156.514352226584 -8.57858061219615 0 8.08526722157023
77.5757575757576 77.6290650866843 -0.0260515332308221 0.123631892683017 -156.513939428155 -30.0683440869225 0 8.0885277924518
78 78.0043189810003 -0.0257980388625506 0.123616463816197 -156.51385887314 22.2386166476045 0 8.08953734097167
80.6060606060606 80.6438856557211 -0.0241363220975849 0.123539468625536 -156.513494744052 -10.6168922136647 0 8.09457909383701
83.6363636363636 83.6302646471093 -0.022440110009074 0.123453248311391 -156.513090898415 -16.7355068681113 0 8.10023238495645
86.6666666666667 86.5731967980342 -0.0209420123306111 0.123382666290077 -156.512656400467 26.5146548986719 0 8.1048661863812
87.6666666666667 87.5305679488347 -0.020489829728601 0.123362792119922 -156.51250581062 -27.3661747998012 0 8.10617190820299
89.6969696969697 89.7732510431134 -0.0194767549478263 0.123254988538892 -156.512254532756 -11.0660266599083 0 8.11326187973689
92.7272727272727 92.8625848215341 -0.0182020341269785 0.123213536289487 -156.511814778272 21.8292357380656 0 8.11599139278434
95.7575757575758 95.7079881931768 -0.0171346083423434 0.123125236107852 -156.511365692989 17.6646862433903 0 8.12181183656002
97.3333333333333 97.3457550064342 -0.0165642341959622 0.123115166335685 -156.51118116667 -23.4707354056307 0 8.12247613160354
98.7878787878788 98.6859734451683 -0.0161189952937426 0.123025818065917 -156.510951938161 2.21022578627759 0 8.1283751306917
101.818181818182 101.767079984167 -0.0151540206108948 0.122891865830038 -156.510530726844 23.7921391132648 0 8.13723506633889
104.848484848485 104.914799540353 -0.014257904383658 0.122887323398618 -156.510088177007 -11.6315688866522 0 8.13753585271145
107 106.990731940482 -0.0137073856416263 0.122815295362046 -156.509789639762 17.0549148395615 0 8.14230830982502
107.878787878788 107.587897368054 -0.013559162949609 0.122788053328902 -156.509656585812 -10.3284345914249 0 8.14411478062434
110.909090909091 110.907048483674 -0.0127599252125064 0.12275893435853 -156.509222617204 -39.2155768496494 0 8.14604660121433
113.939393939394 113.958926660123 -0.012086206437936 0.12265053625784 -156.508806109711 30.6482188741336 0 8.15324604776098
116.666666666667 116.651741325035 -0.0115349803546594 0.122535899805126 -156.508437747913 -32.1878951776482 0 8.16087368347028
116.969696969697 116.945735832214 -0.0114758097979452 0.122510000655047 -156.508354262042 -8.45919476575497 0 8.16259892786802
120 119.897079505424 -0.0109195406986287 0.122396501687954 -156.507949214806 -2.20182672688261 0 8.17016815194172
126.333333333333 126.511267961261 -0.00980763223060117 0.122240105602814 -156.507003918968 -21.1809194468595 0 8.18062120503421
136 135.800502858245 -0.00851101293280147 0.121986249170815 -156.505651317085 12.7466931050819 0 8.19764528213109
145.666666666667 145.733940272115 -0.00739232202404363 0.121689069477699 -156.504227760743 13.2421960235533 0 8.21766494141253
155.333333333333 155.455060506724 -0.00649333486333962 0.121348321027556 -156.502779193608 1.99368647037314 0 8.2407403047045
160 160.037119731813 -0.00612919142296492 0.121240635645835 -156.502116908495 9.36846698183346 0 8.24805969280111
165 165.117669391872 -0.00575630071547338 0.121108718120505 -156.50136319662 -30.9192437386239 0 8.25704388188626
170 170.112666729067 -0.00542425273779817 0.120885042443305 -156.500591673824 -35.2016856427535 0 8.27232203247144
175 174.919899580946 -0.0051300913654253 0.12075614438244 -156.499872606693 -34.3328368209596 0 8.28115211125784
180 179.929389561 -0.00484729555549954 0.120632287939111 -156.499054041136 -10.5469334550673 0 8.28965459483571
185.416666666667 185.406061738266 -0.00456546325968409 0.120384577483828 -156.498292176173 -15.0962786512642 0 8.30671188038465
190 189.929362134406 -0.00435058970050744 0.120317343090801 -156.497593360969 -19.4336341959636 0 8.31135374428377
195.833333333333 195.675167581942 -0.00409854107596735 0.119999218269409 -156.496646706304 -24.6742549580629 0 8.33338762053356
200 199.868341173728 -0.00392909242878847 0.119889471345278 -156.495994225515 42.5303122418973 0 8.34101601065559
206.25 206.393694541656 -0.00368460217326233 0.119728609400875 -156.495046421008 -36.9693393021032 0 8.35222262251292
210 209.87716152028 -0.00356253349722692 0.119668745415391 -156.494460428182 -26.6034298726403 0 8.3564008006337
216.666666666667 216.289480279505 -0.00335432838028746 0.11943413549474 -156.493382732441 60.9340166263884 0 8.37281565992534
220 219.989588636763 -0.00324196944326069 0.119186681609666 -156.492896207947 -3.21006113959836 0 8.39019919419334
227.083333333333 227.490087178067 -0.00303232836484955 0.118921555842849 -156.491748744454 -55.9663785721281 0 8.40890444892484
230 230.005226011736 -0.00296650011318254 0.118878441636969 -156.491293982622 -41.4031855916681 0 8.41195414601582
235 234.937587138859 -0.00284299966127238 0.118644487473784 -156.490434170189 75.7267857907246 0 8.42854161446789
237.5 237.599497711945 -0.00277946727295575 0.118583405815857 -156.490024346754 45.4529941205279 0 8.43288310974015
240 239.943841008431 -0.00272542493828091 0.118380537011207 -156.489585107022 8.91781407428367 0 8.44733454710826
245.833333333333 245.828089297497 -0.00259678056786394 0.118188242245863 -156.488657727547 -2.43503683010524 0 8.46107853875799
247.916666666667 247.421305500577 -0.00256330974691142 0.118274085249772 -156.488401968295 -56.4985702433687 0 8.45493751135923
250 250.37721620049 -0.00250303177512314 0.118050875954712 -156.487949548944 0.00225570309196852 0 8.47092401401263
256.666666666667 256.578466824943 -0.00238344654896024 0.117852305826031 -156.486839782107 18.263434280769 0 8.48519672984728
258.333333333333 258.133112751226 -0.00235523963824548 0.117855568974781 -156.486611563409 14.2687016109509 0 8.48496179432964
260 259.934901731399 -0.00232209866411342 0.117761448127899 -156.48628406458 -52.3799709070128 0 8.49174340072577
267.5 267.326609914175 -0.00219529307782324 0.117464279929742 -156.485045099694 -3.54136653121738 0 8.51322632376519
268.75 268.622600537619 -0.00217400028551257 0.117399118321686 -156.484846818678 42.8766957524602 0 8.51795153401319
270 269.978204865133 -0.00215319698146543 0.117285383668369 -156.484488878667 45.2402540271204 0 8.52621161071149
278.333333333333 278.279786965844 -0.00202644365333813 0.11668843382042 -156.482619757114 1.0321576366379 0 8.5698296502888
279.166666666667 278.996008334307 -0.00201594788265521 0.117068008117005 -156.482960583366 28.1618316280684 0 8.54204334800451
280 279.782323505772 -0.00200496866297 0.116792199334155 -156.482547111832 36.8428155721974 0 8.56221567622762
289.166666666667 288.85540552143 -0.00188091414645272 0.116355737133431 -156.480978871549 69.2537293514632 0 8.59433341781206
289.583333333333 289.532022243622 -0.00187105109193098 0.116363302470104 -156.481029053529 -13.3538593049634 0 8.59377465895589
290 289.938929448133 -0.00186603890829658 0.116392696289127 -156.480759743246 37.4289353594821 0 8.59160438654959
300 299.75736659065 -0.0017464654380563 0.115916477644773 -156.478912615236 -35.2100823408949 0 8.62690119919371
300 300.005977585918 -0.00174310260701176 0.115907437118735 -156.479136997248 33.106581918684 0 8.62757407857796
