#T/K Taveraged/K integrand/(eV K^2) rho/A^-3 potentialEnergy/(eV) P/bar Ptarget/bar v/A^3
20 20.0053302512703 -0.391849303547394 0.125660289282103 -156.525632287164 0.0831214923514841 0 7.95796353575974
20.8928571428571 20.8859910411252 -0.359535806973845 0.125636313153875 -156.525513085391 1.21050122387514 0 7.9594822141528
21.7857142857143 21.8051368469902 -0.329837680687685 0.125627250809901 -156.525390534432 -0.864685394885246 0 7.96005638548279
22.6785714285714 22.6817083997371 -0.304837350227649 0.125601242797132 -156.525272168713 -1.3090601677589 0 7.9617046593653
23.5714285714286 23.5586225065971 -0.282564869308094 0.125588752627862 -156.525147974179 1.0248003728394 0 7.96249647421175
24.4642857142857 24.4696394141796 -0.261940924580639 0.125555766018816 -156.525031642962 1.05945952887056 0 7.96458841922195
25 24.9938379917317 -0.251045151815699 0.125564451251698 -156.524954222157 -10.5746316360696 0 7.96403751246016
25 24.9988116096937 -0.250957642138149 0.125549221144627 -156.524958330626 0.356151519462683 0 7.9650036127906
25 25.0104796755578 -0.250722126119522 0.125562631726015 -156.524955476969 3.01956346286296 0 7.96415291917468
25.3571428571429 25.3777387296136 -0.243522028008651 0.12554039639322 -156.524909796434 -0.878580142721821 0 7.96556350569245
25.5 25.4805028844627 -0.241553321548616 0.12554567505618 -156.524884398018 -0.438168450325863 0 7.96522858754406
25.75 25.7523317587909 -0.236477736441048 0.125528973937901 -156.524856063253 -3.34446691682989 0 7.96628832873835
26 26.0002685771885 -0.232035717741573 0.125532741267408 -156.524822666435 3.15418874462145 0 7.96604925459098
26.25 26.2438193922661 -0.22770787761449 0.125509424559527 -156.524790184754 -1.60444261985699 0 7.96752915973822
26.5 26.4951078048337 -0.223401972812829 0.125521798096895 -156.524749326701 1.21885052300792 0 7.9667437461983
26.5 26.5230802658984 -0.222943765085531 0.125518739159743 -156.524754617083 10.4990703434724 0 7.96693789862991
27 27.0121728473725 -0.214911415243199 0.125509559179982 -156.524686019302 7.5382056194353 0 7.96752061383616
27.1428571428571 27.151765860364 -0.212724743809483 0.1255041239702 -156.524670053384 -2.18197170847675 0 7.96786566342187
27.1428571428571 27.1561004511866 -0.212670495545978 0.125500916016661 -156.524668473268 -0.955244151209315 0 7.96806933159951
27.25 27.2609089826242 -0.211030668402152 0.125491647572228 -156.524656326478 -1.33666509475718 0 7.96865782979256
27.5 27.5134750941578 -0.207175730527041 0.125488678357789 -156.524616655605 -3.70998228458665 0 7.96884637790856
28 27.995081321254 -0.200105112757329 0.125483904409769 -156.524551468028 1.56764798144 0 7.96914954713625
28 28.0081596388691 -0.199920385140632 0.125471733902105 -156.524550765897 -13.5996531164302 0 7.96992253873067
28.0357142857142 28.0369597504304 -0.199528721586334 0.125479267116065 -156.524548290861 -2.65038426945052 0 7.96944406022887
28.5 28.4959377440488 -0.193151265887992 0.125464073902112 -156.524484556428 -19.9405554911603 0 7.97040912907234
28.75 28.7565694602058 -0.189655661396372 0.125466465081516 -156.524450663489 -0.522550518343895 0 7.97025722650507
28.9285714285714 28.9078177955959 -0.187678330718395 0.125459874914474 -156.524424310454 2.23527567466499 0 7.97067588885848
29 28.9905875137531 -0.186611669806252 0.125451750487205 -156.524416370044 -5.03550933959437 0 7.97119208075133
29.5 29.4814951708066 -0.18043324637879 0.125447759713808 -156.524350762868 5.94783542552916 0 7.97144566217332
29.5 29.5020673276222 -0.180187713905337 0.125455312536999 -156.524348921426 -2.86470436322081 0 7.9709657548785
29.8214285714285 29.8194985008149 -0.176368674645553 0.125432479144877 -156.52430379592 2.04386493966507 0 7.97241676810823
30 29.9916978812152 -0.174341562941841 0.125449429728596 -156.524280035136 29.9366079177309 0 7.97133954425663
30.25 30.2568339357701 -0.171322726161811 0.125419968838089 -156.524249697569 -0.742573854695998 0 7.97321199537968
30.7142857142857 30.7369357169653 -0.165998935558697 0.125408247509894 -156.524186392262 -2.62523315627848 0 7.97395721458519
31 31.0085443805862 -0.16309640648323 0.125398882157832 -156.524145816331 -2.03394004925009 0 7.97455274554492
31.6071428571428 31.631946954049 -0.156744955892598 0.125382476988814 -156.524068671337 -1.07228596506556 0 7.97559614402267
32.5 32.497439835374 -0.148496831015167 0.125370137823203 -156.523942859919 1.3069522952252 0 7.97638111724981
33.3928571428571 33.3944468798602 -0.140629366132242 0.125353633507707 -156.523823777212 -3.00011236124758 0 7.97743130388415
34.2857142857142 34.3103270313954 -0.133233203805662 0.125337474735542 -156.523701693186 0.739119276883192 0 7.97845977118951
35.1785714285714 35.1771113897197 -0.126723928881496 0.125316764671286 -156.523577704667 1.5645878435583 0 7.97977830518578
35.1785714285714 35.1777555965408 -0.126735852554269 0.125314123122296 -156.523576088391 2.44000591480893 0 7.97994651428142
36.0714285714285 36.0581864380275 -0.120618577483287 0.125304600030963 -156.523457113925 1.3995609635787 0 7.98055298650569
36.9565217391304 36.9664760712217 -0.114749447912139 0.125270583985132 -156.523337332754 -13.8660531791238 0 7.98272003041582
36.9642857142857 36.9588730125675 -0.114815271264304 0.125281864926964 -156.523335180707 5.20613737406834 0 7.98200123044925
37.8571428571428 37.8899332894841 -0.10923837725376 0.125265202519467 -156.523214622093 -2.40978521704629 0 7.9830629726926
38.75 38.7349404065646 -0.104528472295558 0.125233670149219 -156.523093583764 -0.583762973604549 0 7.98507301437765
39.6428571428571 39.6640682282395 -0.0996910774228236 0.125217542229456 -156.522970429518 -0.253537493122791 0 7.98610148542562
40.5357142857143 40.5406909659277 -0.095416867530878 0.12519768764361 -156.522849816076 -7.03809061073776 0 7.98736796838146
41.4285714285714 41.4218530243215 -0.0914012090204054 0.125168115153575 -156.522727643375 2.26474472329446 0 7.98925508124057
42.3214285714286 42.3178316649529 -0.0875776458944781 0.125153180527843 -156.522603795592 -0.993192983490513 0 7.99020844522226
43.2142857142857 43.2159302786817 -0.0839673156864364 0.125145847057185 -156.522481779949 -1.07264194693881 0 7.99067666658611
48.9130434782609 48.9370741943814 -0.0654685144364528 0.125012756024886 -156.521688912396 -16.7508510228351 0 7.99918369770947
60.8695652173913 60.8783412392369 -0.0423148476375179 0.124718469880172 -156.520056608217 -17.6694439761987 0 8.01805859998755
72.8260869565217 72.8145145552678 -0.029572987183999 0.124444206394435 -156.51839777723 -18.4111680559621 0 8.03572965727649
84.7826086956522 84.8039923348149 -0.0218022425175548 0.124149643818711 -156.516753025647 -25.7970200244804 0 8.05479556155829
96.7391304347826 96.7562922930591 -0.0167498825724407 0.123840559537732 -156.515061099574 22.0114128250727 0 8.07489891625786
108.695652173913 108.638883834379 -0.013284943175316 0.123517568746732 -156.513394520702 2.87895043046174 0 8.09601427672577
120.652173913043 120.678474981457 -0.0107675810145792 0.123238665605068 -156.511639629911 52.8302038816249 0 8.11433647946668
132.608695652174 132.623346917193 -0.0089153572613157 0.122911732811185 -156.509933842376 -30.6012588209209 0 8.13591979486759
144.565217391304 144.525794778942 -0.00750819774972096 0.122574356079563 -156.508216484021 -8.17385703577527 0 8.15831330454555
156.521739130435 156.540435328277 -0.0063980213144032 0.122230393971721 -156.506426163227 15.2425503011478 0 8.18127118391977
160 159.788205772635 -0.00614022215964992 0.122150644710245 -156.505935014767 -24.5365823191652 0 8.18661254201411
168.478260869565 168.126369973937 -0.00554730273388428 0.121907699840819 -156.504704037634 1.82055072492109 0 8.20292730734603
170 169.88621772984 -0.00543235529800544 0.121914929461837 -156.504471185679 -27.3215061991211 0 8.20244086933609
180 179.823205107841 -0.00484797070534744 0.121578696155958 -156.502907825872 138.942836549345 0 8.2251252202707
180.434782608696 180.47576716774 -0.00481310830310196 0.121607776313704 -156.5028413027 -109.966741707208 0 8.22315833997627
190 190.099751584321 -0.00433944473684278 0.121269581009649 -156.501416954461 13.8888965753844 0 8.24609099556826
200 199.901860910997 -0.00392352727183076 0.120922266756798 -156.499850679964 -11.1330656083122 0 8.26977550802306
210 210.138935882063 -0.00355051065448155 0.120687769721833 -156.498326138416 -58.826009741223 0 8.28584372969068
220 220.066322217575 -0.00323773229733196 0.120362090920196 -156.496788758724 39.985338756315 0 8.30826377603424
230 230.259273621783 -0.00295740142962737 0.119997623379656 -156.495150277408 15.0034104289921 0 8.33349837968153
240 240.068192159792 -0.00272008274629568 0.119631077620628 -156.493572688508 34.5536963340042 0 8.3590319496342
250 249.939922798835 -0.0025091410157727 0.119291034756389 -156.491949983278 -41.6132839834573 0 8.3828596343569
250 250.556629664476 -0.00249701489639725 0.119301616405107 -156.49190291636 -13.9093733595434 0 8.38211610314103
260 259.726092993542 -0.00232423209285809 0.119003730792369 -156.490312527263 37.7149613868547 0 8.40309789736547
260 260.100206207675 -0.00231750638558969 0.118964843548599 -156.490306659385 10.2746428055768 0 8.40584470311588
270 269.639866619233 -0.00215601252013658 0.118533803764522 -156.488568091876 62.0242900824088 0 8.4364119621656
270 269.777170578598 -0.00215401780423137 0.118580654742862 -156.488590309545 26.5506533905649 0 8.43307875275662
280 279.761707985109 -0.00200297759845089 0.118236484121506 -156.486881650001 -68.9200255134623 0 8.45762631923621
280 279.879515200315 -0.0020011616097872 0.118161197863455 -156.486884724347 -63.0281824096874 0 8.46301508516847
290 289.859634073338 -0.00186590429582816 0.117774078979279 -156.485058494453 -22.8426702423249 0 8.49083269142731
290 290.100886154954 -0.00186273465280988 0.117789833113848 -156.485047817253 66.373753644631 0 8.48969706098031
300 299.819240144703 -0.00174379630254924 0.11751693439661 -156.483308463626 71.344981733833 0 8.50941189994868
300 299.931532090518 -0.00174260174275096 0.117370016768288 -156.483223083935 7.27962907113965 0 8.52006353525706
310 310.134702171794 -0.00162974656011046 0.116838995214612 -156.481340962593 -98.4090706807954 0 8.55878637233382
320 319.786735725255 -0.00153283702939459 0.116502189475177 -156.47949441374 -41.0157076546276 0 8.58352967017043
330 329.617044475824 -0.00144240730770286 0.115917696227431 -156.477254761712 32.2687217801284 0 8.6268105090529
340 339.494512539256 -0.00135996971311704 0.115230671927045 -156.474826296106 -67.9015960561504 0 8.67824497832594
