#T/K Taveraged/K integrand/(eV K^2) rho/A^-3 potentialEnergy/(eV) P/bar Ptarget/bar v/A^3
20 20.0282524232712 -0.390988146861468 0.112922586420765 -156.524565539388 -3.74409730254572 0 8.85562429710795
22.962962962963 22.9344980963737 -0.298184444229628 0.112880502582636 -156.524158322765 0.718899480486191 0 8.85892582971033
25.9259259259259 25.9135944634724 -0.233557328224707 0.112840873240146 -156.523764151113 -8.07498339971987 0 8.86203705524166
28.8888888888889 28.8680037894716 -0.188197114229863 0.112818134382618 -156.523357287091 9.44507691835119 0 8.86382322728843
31.8518518518519 31.8683193581141 -0.154406834269439 0.112765811225756 -156.522963641049 -2.19460410848424 0 8.86793602715288
34.8148148148148 34.8400894233576 -0.129215584137964 0.112754800393803 -156.522551109631 5.97069633277956 0 8.8688020067211
37.7777777777778 37.7784065669199 -0.109897502208054 0.112699347920072 -156.522144814928 -7.01474754682162 0 8.87316580313504
40.7407407407407 40.7328745194678 -0.0945395886456622 0.112676214937427 -156.52174096879 -4.9986346848587 0 8.87498750783677
43.7037037037037 43.7301566017373 -0.0820237291703897 0.112642667202524 -156.521338681157 -0.60685126089329 0 8.87763069567652
46.6666666666667 46.5993380314715 -0.0722257331213637 0.112607996428861 -156.520925595614 0.961764837294969 0 8.88036402132188
49.6296296296296 49.5188770533247 -0.0639611627971457 0.112552152075988 -156.520529038163 0.684789215210124 0 8.8847701403778
52.5925925925926 52.5423571028228 -0.0568093277883034 0.112519812110782 -156.520109258774 11.7798970466974 0 8.88732376317375
55.5555555555556 55.5132252848567 -0.0508902211817525 0.1124707491141 -156.519695245187 -2.70972548283804 0 8.89120067107859
58.5185185185185 58.6074849970416 -0.0456600704579553 0.112431290639584 -156.519302002485 -5.47516341339823 0 8.89432109434427
61.4814814814815 61.4337160739353 -0.041555051900449 0.112415269067743 -156.518878580332 -10.9280870770237 0 8.89558872467217
64.4444444444444 64.4410027811002 -0.0377622973116671 0.112356967983201 -156.518479925672 -8.05972022442886 0 8.90020457075267
67.4074074074074 67.4097413773934 -0.0345126876698179 0.112289739694619 -156.518064332474 -11.2192310566443 0 8.90553315663192
68 68.0249218257231 -0.0338922224598562 0.112329119603072 -156.51799223639 9.6405633249289 0 8.90241108924932
68.5 68.438457371487 -0.0334803578220253 0.112319101405654 -156.517911056623 3.75520253880504 0 8.90320513149744
69 68.9908978773255 -0.0329502236710855 0.112305637508206 -156.517840555625 4.06628005015556 0 8.9042725030338
69.5 69.509160049315 -0.0324603598227855 0.112279833389526 -156.51777703706 7.23716659604462 0 8.90631888035282
70 70.0048910378531 -0.0319997014361701 0.11230157307493 -156.517702874296 -20.4275173149234 0 8.90459476763317
70.3703703703704 70.3577615204667 -0.0316865249238241 0.112245325189441 -156.517651045709 -8.97503108180449 0 8.90905699914238
70.5 70.4299929443676 -0.0316163104760904 0.112253765006259 -156.517629869371 -14.6029540154976 0 8.90838717030331
71 70.9479660884815 -0.0311573007945549 0.112268379044405 -156.517571335485 -5.84827475590615 0 8.90722756052689
73.3333333333333 73.348355196269 -0.0291530496732731 0.112220276410201 -156.517240264133 -0.0207391563688346 0 8.91104559700673
76.2962962962963 76.2486021381047 -0.0269737187239059 0.112166513011433 -156.516821045151 -6.50427484175546 0 8.91531681918357
79.2592592592593 79.1898646673482 -0.0250131286546196 0.112158319330131 -156.516396660005 -3.02192727853389 0 8.91596812409935
82.2222222222222 82.2112185932661 -0.0232027923519874 0.112087998371657 -156.515997676456 -21.1084357100851 0 8.92156175975453
85.1851851851852 85.3487519829568 -0.0215289305637722 0.112043738824242 -156.515569766916 -31.8268226921421 0 8.92508595744613
88.1481481481482 88.1243321542944 -0.0201937123826965 0.112023273352315 -156.515173984027 8.17424479032677 0 8.92671647662874
91.1111111111111 90.9787825192917 -0.018949415657114 0.111968290273564 -156.514726905934 6.63050518485741 0 8.9311000244513
94.0740740740741 94.2152689369377 -0.0176663545507051 0.111911293449558 -156.514322605101 11.1695873999425 0 8.93564866579555
97.0370370370371 97.0317921476233 -0.0166542720982284 0.111844028046526 -156.513876704508 -10.9585749120112 0 8.94102275701308
100 99.834573394845 -0.0157336759714754 0.111822166899734 -156.51345915409 -3.49040896474401 0 8.94277072001879
100 100.011042369672 -0.0156795571464575 0.111821964575369 -156.513463887938 2.00731953783298 0 8.94278690056455
109.285714285714 109.397930085303 -0.0131059628976492 0.111659181096962 -156.512145278342 -6.28240296607846 0 8.95582423384986
118.571428571429 118.322612177076 -0.0112006957893392 0.111487389563013 -156.51079326406 7.56049167438167 0 8.96962431284479
127.857142857143 127.760014144382 -0.00960791460410343 0.111357533049227 -156.509422982543 -3.35917394733198 0 8.98008399268271
137.142857142857 137.104367609923 -0.00834154774795452 0.11122760598686 -156.508100250435 26.5142690368374 0 8.99057379800238
146.428571428571 146.470552759937 -0.00730997547873872 0.111004343539666 -156.506700122096 -68.3029811195954 0 9.00865649138011
155.714285714286 155.632230077067 -0.00647462785698644 0.110869408273247 -156.505305134473 -30.1183072941122 0 9.01962061108339
165 165.073230900483 -0.00575491045921282 0.110617193495546 -156.503946283167 -21.4147256206171 0 9.0401859638598
170 170.017723919695 -0.00542498196401235 0.110511213795566 -156.503192240362 1.61417299766598 0 9.04885545687605
175 175.007620207555 -0.00511938367020051 0.110402498102665 -156.502372099342 -30.2967016763395 0 9.05776605770352
180 179.983037165612 -0.00483991496848011 0.110322270497732 -156.501656666023 24.5916751002589 0 9.06435296779503
185.416666666667 185.598762874292 -0.00455125317085519 0.11018218809323 -156.500784946858 -36.9454675188691 0 9.07587712048207
190 190.079286275715 -0.00434009091058302 0.110052610836454 -156.50008694074 16.3483025737547 0 9.08656316646654
195.833333333333 195.972601904529 -0.00408276559080513 0.110025882554983 -156.499222864116 2.18624757536107 0 9.08877053997062
200 199.982220311448 -0.00392108482174231 0.109901348371864 -156.498538100145 3.80248512544756 0 9.09906943649483
206.25 205.967899413652 -0.00369568266188154 0.109733487689339 -156.497545513929 -42.2972028868646 0 9.11298839631393
210 209.969336476024 -0.00355615144508724 0.109615225582279 -156.496964584682 -36.0910432934269 0 9.12282025318991
216.666666666667 216.879953597068 -0.00333361197229288 0.109436248109836 -156.495879955753 -9.3911567613843 0 9.13774016627785
220 220.133435898325 -0.00323577110505863 0.109321754880749 -156.495313870263 8.18048904352272 0 9.1473101679609
227.083333333333 227.191364347098 -0.00303744306359052 0.109233600953442 -156.494236152066 -34.5680140008801 0 9.1546922491938
230 230.112991769365 -0.00296044622177651 0.109213576682485 -156.493771279661 -30.2022739783167 0 9.15637075880492
237.5 237.615450351012 -0.00277686175878167 0.108983185061358 -156.492475545218 -2.4244946344046 0 9.17572742471233
240 239.973732244436 -0.00272273441492702 0.108942414344126 -156.492159684663 -24.5327804773999 0 9.17916135804753
247.916666666667 248.497668344998 -0.00253902410180129 0.1087308285515 -156.490786610277 -15.7030816012142 0 9.19702363462034
250 249.83153962992 -0.00251193113044331 0.108587529784809 -156.490355642105 21.9217683906016 0 9.20916059129192
258.333333333333 258.430015588992 -0.00234719430803239 0.108349054282376 -156.488911781351 18.6064689663535 0 9.22942988864329
260 259.789456195631 -0.00232234349338498 0.108368872521562 -156.488656708279 38.9680872260582 0 9.22774203266746
268.75 268.787194826651 -0.00216971404004795 0.108025542663582 -156.486622416618 -30.4492918071596 0 9.25706990534866
270 270.137588410752 -0.00214828952575286 0.108092873152526 -156.486934434501 13.7006691528097 0 9.25130372461218
279.166666666667 279.188734533037 -0.00201144446914039 0.107786427893333 -156.484928907853 -21.0231518944453 0 9.27760590590882
280 280.213740875277 -0.00199645496842344 0.107772105836331 -156.484980203688 -34.7960195338713 0 9.27883882605629
289.583333333333 289.909698018528 -0.00186549715521894 0.107368624156196 -156.483191635429 -6.0106002925264 0 9.31370787191269
300 300.5771591195 -0.00173526930133965 0.106880332438203 -156.480704865652 -11.7101639623751 0 9.35625832356193
