#T/K Taveraged/K integrand/(eV K^2) rho/A^-3 potentialEnergy/(eV) P/bar Ptarget/bar v/A^3
24 24.0020288089231 -0.271833293004295 0.0932891082503345 -156.530624787074 0.647453923487079 0 10.7193649800636
24.5 24.5004696990627 -0.260886950888006 0.093285755257154 -156.530556911661 -0.234375602920102 0 10.7197502688741
25.2459016393443 25.2491643229557 -0.245646396281529 0.0932672456325985 -156.53045583696 0.661787333022965 0 10.7218776883284
33.2 33.1841300234613 -0.142210752429569 0.0931489301547199 -156.529379776091 -0.94367556843833 0 10.7354963534096
42.4 42.4094740814524 -0.0870686742528078 0.0930042137065449 -156.528128627453 -1.57373154181291 0 10.7522010040888
51.6 51.5915827913803 -0.0588319317020109 0.0928595563030599 -156.526868384766 1.40170866071614 0 10.7689508739021
20 20.0150170334397 -0.391077538820984 0.0933633515193465 -156.531204187088 -1.17769897174343 0 10.7108408570014
20.8928571428571 20.8875609836081 -0.359091897695454 0.0933397290552176 -156.531084548991 -0.0131129018678194 0 10.7135515618266
21.7857142857143 21.7833510666927 -0.330157913541354 0.0933308696386966 -156.530962879799 0.88334247188853 0 10.7145685438399
22.6785714285714 22.6729634144905 -0.304756584781555 0.0933165532737356 -156.530843216288 0.889205017487405 0 10.716212343019
23.5714285714286 23.559391132419 -0.282258123986498 0.0933004434174941 -156.53071959323 1.21487905762692 0 10.7180626733495
24.4642857142857 24.4705706644005 -0.261618304615637 0.0932945959641633 -156.530603199459 -0.301316180287878 0 10.7187344525735
25 24.999624673156 -0.250671509018247 0.0933001764673634 -156.530528472595 4.31587549358422 0 10.718093339832
25 25.0001084558758 -0.250662678097052 0.0933067713448026 -156.530527823959 9.72933926457633 0 10.7173357901822
25 25.0022513570076 -0.250620632484959 0.0932898445529981 -156.530529942752 1.11013135899089 0 10.7192803760317
25.3571428571429 25.3525280941712 -0.243739275591743 0.0932777628793163 -156.530478542095 -1.24323561402588 0 10.7206687760491
25.3571428571429 25.35663499171 -0.243661978153492 0.0932708080597237 -156.530479455255 -1.40759443220886 0 10.7214681721174
25.5 25.4994613367427 -0.240933012500908 0.0932763033819548 -156.530462731165 -1.77296379944234 0 10.7208365227031
25.75 25.7593966633425 -0.236103186584654 0.0932753851777196 -156.530429571728 0.951465947684401 0 10.7209420587723
26 25.999315943472 -0.231764549513688 0.0932666879889616 -156.530394140388 -0.0115126906402253 0 10.7219417946776
26.25 26.2596266012598 -0.22719328973303 0.0932614554326371 -156.530358463559 -0.490903823173159 0 10.7225433632901
26.5 26.4813646706583 -0.223399535761916 0.0932539144764922 -156.530327561826 0.508117395635265 0 10.7234104392699
26.5 26.5133397135131 -0.222874352534456 0.093240776292692 -156.530326786742 -6.19623942910549 0 10.7249214320235
27 26.9737257443838 -0.215320721194515 0.0932321966242973 -156.530260606459 -7.55611419215672 0 10.7259083901
27.1428571428572 27.1367642912115 -0.212741305823945 0.0932526609355533 -156.530238700919 0.97269782816656 0 10.7235545877999
27.25 27.2600631105565 -0.210822107103614 0.0932428740123632 -156.530223853496 0.216793010157206 0 10.7246801494708
27.5 27.5192350850943 -0.206865948748481 0.0932574326475478 -156.53019539247 15.0904113380582 0 10.7230058946545
28 27.9929373752609 -0.199930316269412 0.0931987575433959 -156.530123724504 -46.8996346239054 0 10.7297567731455
28 27.9985441240738 -0.199840592414668 0.0932345175513838 -156.530122572939 -0.921950690738798 0 10.725641385433
28.0357142857143 28.0285089490837 -0.199411471582043 0.0932463345710261 -156.530118743777 -1.42582361892094 0 10.7242821350613
28.5 28.5211036777614 -0.192590670053606 0.0932570885094862 -156.53005791941 39.7731605296197 0 10.7230454647775
28.75 28.7545583045338 -0.189476105783837 0.0932233934894938 -156.53002057693 -0.0592033503545659 0 10.726921243354
28.9285714285715 28.9196416218131 -0.187314860480401 0.0932291412369377 -156.529997173585 0.0800082085644185 0 10.7262599089972
29 28.9983186608295 -0.18629723931867 0.0932233592798486 -156.529987584352 -0.532942164943057 0 10.7269251797512
29.5 29.4958607016442 -0.180070803696889 0.0932174040251639 -156.52991803325 6.96115116046774 0 10.7276104763661
29.5 29.4986647992823 -0.180039381894424 0.0932105964223606 -156.529921233909 -2.63445603957055 0 10.728393963587
29.8214285714286 29.8196442750439 -0.176186046838121 0.093212955553188 -156.529877168255 -2.59304993395422 0 10.7281224381882
30.25 30.2497805117629 -0.171206523200184 0.0932054254543244 -156.529819408593 0.693321548111788 0 10.7289891669456
30.7142857142858 30.7028698211157 -0.166196417980135 0.0931965011595794 -156.529755179781 1.32347055503213 0 10.7300165516698
30.7142857142858 30.7152087851518 -0.166056978786092 0.0931976580536147 -156.529755277772 -0.674308921611056 0 10.729883356347
31 31.0097037818026 -0.1629147539858 0.0931953063208937 -156.52971757538 -1.82620776583484 0 10.7301541191008
31.6071428571429 31.6086025323766 -0.15680481169485 0.0931813678940072 -156.529634520287 -0.318846394754449 0 10.7317591767647
31.75 31.7620895402979 -0.155285891125776 0.0931905213115036 -156.529615317981 -1.4098470280262 0 10.7307050752227
32.5 32.4771072941532 -0.148532506986279 0.0931654508252779 -156.529510752317 -0.948138961550462 0 10.7335926691902
32.5000000000001 32.503188292207 -0.148285924318982 0.0931739912315215 -156.52951184841 0.217540147561656 0 10.7326088190767
33.25 33.2456648836021 -0.14174465976329 0.0931628305322849 -156.529410451491 2.29071238988081 0 10.733894561667
33.3928571428572 33.3748033540487 -0.140648510704578 0.0931575178437022 -156.529392370018 -0.123340541859617 0 10.7345067059191
34 33.9974944907428 -0.135537538347511 0.0931495710574669 -156.529311453749 1.53102513248894 0 10.735422489311
34.2857142857144 34.2964187359726 -0.133186261251256 0.0931394159544569 -156.529270444643 2.09539400266028 0 10.7365929853906
35.1785714285715 35.1932703579388 -0.126489685777364 0.0931320412550298 -156.529148023315 -0.197339605378754 0 10.7374431669723
36.0714285714286 36.0640587121577 -0.120449296675094 0.0931194249516312 -156.529030382175 -1.44484333404541 0 10.7388979315479
36.9642857142858 36.97413107645 -0.114593488552412 0.0931076222906914 -156.528906738824 0.058819354455004 0 10.7402592333193
37.037037037037 37.0383329500812 -0.114192530232829 0.0931139844067271 -156.528892369453 -2.36813212819411 0 10.7395253932207
37.8571428571429 37.8602506736664 -0.10928897475171 0.0930942796063961 -156.528786184444 1.38334867750611 0 10.7417985748213
38.7500000000001 38.7340021518129 -0.104418322861623 0.0930747989272953 -156.528665523445 2.28802089160454 0 10.7440468475376
39.6428571428572 39.6525878666503 -0.099634909052438 0.0930486352853496 -156.528544449177 4.06431548043518 0 10.7470678848038
40.5357142857143 40.5356477675149 -0.095341163030728 0.0930334576347403 -156.528423088879 -7.61532890020378 0 10.7488211813659
49.0740740740741 49.0171662435549 -0.0652033897837608 0.0929161622072674 -156.527260578865 -5.35764389438535 0 10.7623902692979
61.1111111111111 61.1033212777114 -0.041957418368346 0.0927160106437614 -156.525597430901 2.03238506313944 0 10.7856236809223
73.1481481481482 73.1330412077736 -0.0292896551437226 0.0925194843206181 -156.523933013143 -0.164726569072765 0 10.8085340870966
85.1851851851852 85.1632476169852 -0.0215978381904056 0.0923393902485357 -156.52225351536 -1.65355014068375 0 10.8296145048008
97.2222222222222 97.2062377337977 -0.0165788204449294 0.0921292960035205 -156.520550244661 -4.84326997451554 0 10.8543106631553
100 99.9576184289786 -0.0156767197067171 0.0920988622167256 -156.520158987425 -3.84045741901213 0 10.8578974368523
109.259259259259 109.198550277785 -0.0131359934294503 0.091925809912122 -156.5188464291 -4.18957325216179 0 10.8783376611636
111.904761904762 111.82595583043 -0.012526512529309 0.0918928889049987 -156.518460077917 3.8279849486187 0 10.8822348705766
123.809523809524 123.761936702078 -0.0102264412561632 0.0916691896264201 -156.516739724175 14.4161622145385 0 10.908790664293
135.714285714286 135.734215674173 -0.00850220157845454 0.0914755038792888 -156.515023974957 -6.52747224499123 0 10.9318884028188
147.619047619048 147.606796610499 -0.00718923041811017 0.0912422487158831 -156.513287170925 6.29618642354603 0 10.9598350991313
159.52380952381 159.481174163523 -0.00615802583266061 0.0910573301515836 -156.511508641659 -12.211078330539 0 10.9820922525984
171.428571428571 171.350811893109 -0.00533445093673638 0.0908043784281103 -156.509713110141 9.34136049136483 0 11.0126848210486
175 174.936811344202 -0.00511768725913546 0.0907160460835531 -156.509194200534 5.14950434493798 0 11.0234081308941
183.333333333333 183.3140707962 -0.00466070967493777 0.090586995925219 -156.50790979836 0.014325014250495 0 11.0391120688616
186.666666666667 186.760445350373 -0.00449029520207918 0.0905079764453877 -156.507418050964 15.2536419450277 0 11.0487499475076
198.333333333333 198.24192860154 -0.00398512628840586 0.0902484118755391 -156.505595911611 -12.9424022089811 0 11.0805273934249
210 209.977163031708 -0.00355211747263977 0.0900071642197667 -156.503770072477 -27.1504850044565 0 11.1102267099355
221.666666666667 221.6211117371 -0.00318860903626003 0.0898003669937717 -156.501942391354 21.7199480305005 0 11.1358119512959
233.333333333333 233.074139832681 -0.00288289559538382 0.0895202828355609 -156.500101962463 -26.1522881709458 0 11.1706528210695
245 244.978604890768 -0.00260943950981574 0.0892784173108064 -156.49816516862 22.8147892633124 0 11.2009154073451
256.666666666667 256.773848061512 -0.00237508540823887 0.0890379550098704 -156.496269152226 8.01942962960577 0 11.2311654045642
265 265.093037098118 -0.00222841362235323 0.0887504007590625 -156.494777662626 4.61508827386437 0 11.2675547540881
268.333333333333 268.371294515103 -0.00217405366339957 0.0887347866111521 -156.494211815725 -26.6602489363148 0 11.2695374406222
277.142857142857 277.015053870686 -0.00204055163032346 0.0885377165973143 -156.492767601196 -26.975947353699 0 11.2946215289037
280 279.942293963274 -0.00199832230791641 0.0884287805121889 -156.492197815452 -15.5363431885132 0 11.308535458794
289.285714285714 289.256580261444 -0.00187141475013685 0.0881537525619936 -156.490595475969 -34.978485651337 0 11.3438165811121
301.428571428571 301.416019913715 -0.0017234840389626 0.087851051712188 -156.488302331795 5.43518764116432 0 11.3829029990004
313.571428571429 313.527447281573 -0.00159287729483813 0.0876101189274429 -156.48613644904 -2.650759951062 0 11.414206626385
325.714285714286 325.503539676952 -0.00147777489732858 0.0872410681083927 -156.483712437735 10.6687189456505 0 11.4624914811629
337.857142857143 338.090646747269 -0.00136978562326114 0.086903454078308 -156.481183462346 -5.71681321060918 0 11.5070224838118
