#T/K Taveraged/K integrand/(eV K^2) rho/A^-3 potentialEnergy/(eV) P/bar Ptarget/bar v/A^3
20 19.9920106359129 -0.392379235485824 0.1292288302128 -156.521909077325 -2.36885167259413 0 7.73821134458396
20.8928571428571 20.9045402018964 -0.358890692824374 0.129201797254199 -156.521791386854 -1.14322371997838 0 7.73983041453012
21.7857142857143 21.7800164020006 -0.330642354209379 0.129167330829883 -156.521671211386 2.60318775767852 0 7.74189567574967
22.6785714285714 22.6814430153094 -0.304877743726625 0.129149539018493 -156.521549202706 -1.03264337954397 0 7.74296220954233
23.5714285714286 23.5807139793678 -0.2820702559604 0.129120507719069 -156.521431264286 2.26707063328053 0 7.74470312783875
24.4642857142857 24.4653446120458 -0.262029812316142 0.129066463447013 -156.521315034912 -6.03792523077292 0 7.74794608368995
25 24.9549284856334 -0.251806477007251 0.129100280042141 -156.521232604676 11.9069079927767 0 7.74591658262538
25 24.9973490251609 -0.250993481346063 0.129088231644141 -156.52123330744 4.30458263369227 0 7.74663954462336
25 25.0138225566599 -0.250651872643283 0.129088978439141 -156.521231772576 11.4351474218274 0 7.74659472939786
25.3571428571429 25.379536231446 -0.243495360393945 0.129066143322949 -156.521190429779 2.2962724445657 0 7.74796530099918
25.5 25.5070120556096 -0.241065747931179 0.129048492806141 -156.521173636377 1.36203733090839 0 7.74902502350196
25.75 25.7614470174367 -0.236343033161455 0.129057613687696 -156.521136881144 3.5475947119185 0 7.74847737708742
26 26.0211375406317 -0.231628186212788 0.129023603896875 -156.521105678347 19.642594591142 0 7.75051982580854
26.25 26.2631323559723 -0.227383853477072 0.129033389192486 -156.521069349856 2.76161479352639 0 7.74993206222189
26.5 26.4603310290142 -0.223997398920369 0.129036766341717 -156.521037007738 4.3676820469042 0 7.74972923106106
26.5 26.5179855251393 -0.223036720834943 0.129024739424934 -156.521039332627 2.05482120611215 0 7.75045161460526
27 26.9728787682812 -0.215604728992491 0.129016275062856 -156.520967951476 -16.5850189071323 0 7.75096009796286
27.1428571428571 27.1299945036179 -0.213094696646606 0.128990787413542 -156.520952547236 -4.82417664274478 0 7.75249163177845
27.25 27.2445086124237 -0.211299828906402 0.128998895453727 -156.520934453972 2.57322985090325 0 7.75200436005833
27.5 27.4668767271881 -0.207888135454673 0.129017219113933 -156.520903799692 7.69505947191544 0 7.7509033822603
28 27.9890200131629 -0.200217649992231 0.128999691674266 -156.520833025694 -16.3399114619952 0 7.7519565126177
28 28.0121418360488 -0.199860814735954 0.128974629458072 -156.520837685383 -1.22487500309216 0 7.75346286476513
28.0357142857143 28.0241999957362 -0.199700054388671 0.128990804335776 -156.520825477521 -7.58288944607865 0 7.75249061473327
28.0357142857143 28.0619098621113 -0.199175614706646 0.128987193310888 -156.520827779653 2.20550101766446 0 7.75270764741565
28.5 28.473857184346 -0.193453950340813 0.12898027072364 -156.520763081294 -2.70453460250175 0 7.75312374822546
28.75 28.7631876372695 -0.18958692333484 0.12895436734158 -156.520733886547 -3.60949271686895 0 7.75468113732941
28.9285714285714 28.9220435196746 -0.187496843970304 0.128966915441051 -156.520704371564 -2.45009915409689 0 7.75392662978811
29.5 29.5222450596975 -0.179955797283063 0.128934498952705 -156.520630698632 -13.0129944240537 0 7.75587610858759
29.8214285714286 29.8290597767122 -0.17627037478426 0.128952104824742 -156.520583413367 -3.79438376789808 0 7.75481719634661
30.25 30.2455732340541 -0.171460990128219 0.128917189348023 -156.520527894089 6.09860563486719 0 7.75691748367563
30.7142857142857 30.7255805728469 -0.16613735909055 0.12891134759304 -156.520464576009 -3.22618180176997 0 7.75726899665107
31 30.9941684905507 -0.16327220567593 0.128898534388603 -156.520430370423 -3.56681970902702 0 7.75804011072154
31.6071428571429 31.6011121514421 -0.157053032771777 0.128860630735909 -156.520341691091 -2.73317890248822 0 7.76032209596606
31.75 31.7239943035855 -0.155847362079075 0.128866810743186 -156.520327547435 6.04559125709278 0 7.75994993771407
32.5 32.4878842360772 -0.148592129302148 0.128833531335145 -156.520230879302 -6.16485232981882 0 7.76195443559347
32.5 32.4922325874042 -0.148539650847877 0.128851694888717 -156.520223555517 -5.22262734832223 0 7.76086027322844
33.25 33.2587459226805 -0.141784019294994 0.128831413504284 -156.520121066288 7.43164885784195 0 7.76208203263058
33.3928571428572 33.3733393204789 -0.140809766899729 0.128827677890359 -156.520099770494 4.60250909780783 0 7.76230710958765
34 33.9845011691738 -0.135799178213587 0.128798004764257 -156.520021580955 5.90106372615951 0 7.76409542857696
34.2857142857143 34.2902051673519 -0.13338284500219 0.128812731744803 -156.51997772853 -3.37899274295721 0 7.7632077703402
34.75 34.7582234693968 -0.12980846224007 0.128779993619472 -156.519917458052 -3.45292893045015 0 7.76518131344898
35.1785714285714 35.1760089856761 -0.1267565650619 0.128778607879417 -156.519857535013 1.71050731598497 0 7.76526487175853
35.5 35.494687498985 -0.124490406806969 0.128768182988055 -156.519818278627 -2.00546223506257 0 7.76589353670357
36.0714285714286 36.0601207293522 -0.120610189933641 0.128737416218914 -156.519737771528 3.10293245164415 0 7.7677494963821
36.0714285714286 36.0794676971637 -0.120474999454835 0.128746965273519 -156.519738366434 -7.12764891338281 0 7.76717336890647
36.25 36.2298692005168 -0.119488448068007 0.12874507694807 -156.519715001027 3.1984905794632 0 7.76728729132962
36.9565217391304 36.9110074512689 -0.115126041274199 0.128724319273932 -156.519611436879 13.2791196042432 0 7.7685398193635
36.9642857142857 36.9573500206317 -0.11483069053698 0.128720270246848 -156.519620447876 -2.39280362923443 0 7.76878418668863
37 37.0146941635529 -0.114475010063564 0.128739600965176 -156.519610828923 2.21350610639769 0 7.76761767554726
37.75 37.7492853861515 -0.110072056753822 0.128698017384973 -156.519508916858 6.65570695675104 0 7.77012746830987
37.8571428571429 37.8268412761505 -0.109610964532115 0.128670239647916 -156.519500920682 3.32872876912785 0 7.77180490792843
38.75 38.7178962026134 -0.104618518465261 0.128670634812229 -156.51937056327 0.696205824470064 0 7.77178103970118
39.6428571428572 39.6455595200528 -0.0997852689845989 0.12863641823059 -156.519251318459 -2.20293382271214 0 7.77384829082718
40.5357142857143 40.5287540886688 -0.0954819922729016 0.128584858076076 -156.519139742397 -6.36556052104428 0 7.77696546049268
41.4285714285715 41.4237082627589 -0.0913995961028729 0.128592560042082 -156.519012888727 -1.40963032613444 0 7.77649966430988
42.3214285714286 42.3470497648343 -0.0874576697097186 0.128559388987991 -156.518887529153 -0.73770862146662 0 7.77850616646452
43.2142857142857 43.2245996109139 -0.0839462472185788 0.128538246500895 -156.518764241564 -4.14515507930455 0 7.77978560640341
44.1071428571429 44.0956497574517 -0.0806646887164208 0.128487421219425 -156.518642935 4.90288144921762 0 7.78286302666349
48.9130434782609 48.834239333135 -0.0657641510862128 0.128366388914422 -156.517990025126 12.3971128713044 0 7.79020122367601
60.8695652173913 60.9346596737611 -0.0422356803657966 0.128000954754543 -156.51634997475 12.2807351937758 0 7.81244172684198
70 70.0273890820606 -0.0319834369332934 0.127730104921464 -156.515080235215 -7.98760122404128 0 7.82900789610138
72.8260869565217 72.802477230186 -0.0295871357224205 0.127641123488142 -156.514699932466 22.4828782597638 0 7.83446566962333
80 79.9220136961823 -0.0245495410840533 0.127405980523205 -156.513701856446 36.2231566372019 0 7.84892511241156
84.7826086956522 84.6960138554288 -0.0218617016946849 0.127236402849043 -156.513036104375 36.9760473945841 0 7.85938597451886
90 90.1600648470809 -0.019292726199903 0.127108029213969 -156.512309057086 30.2275002926681 0 7.8673236158562
96.7391304347826 96.8143620580769 -0.0167310296148719 0.12691603226023 -156.511344651207 -38.2058910052556 0 7.87922520260946
100 100.012253980686 -0.0156779600710185 0.126745353094374 -156.510876935321 4.19590757245318 0 7.88983560805895
108.695652173913 108.717783101673 -0.0132659204188015 0.126499393181467 -156.509634428156 -43.1245094091811 0 7.90517626092853
110 109.961875313616 -0.0129699565547797 0.12647202756318 -156.509454066501 -28.8895238918223 0 7.90688675802593
120 120.035515204839 -0.0108838115761602 0.126136896394266 -156.508032600995 53.1286990189103 0 7.92789444314773
120.652173913043 120.703269905923 -0.0107662838205881 0.126148686692473 -156.507941501935 30.3841334962445 0 7.92715347435848
130 130.056662578794 -0.00927011696299446 0.125812532942792 -156.506600781901 68.5380084784945 0 7.94833373599362
132.608695652174 132.546400754088 -0.0089234638744764 0.125691840680794 -156.506191202844 -25.2011802483603 0 7.95596591301093
140 140.001157571647 -0.00800068108710304 0.125508692063973 -156.505107536371 19.1015830510189 0 7.96757565994145
144.565217391304 144.634663397568 -0.0074945658066512 0.125297972788956 -156.50446505056 56.0978161915732 0 7.98097509274424
150 150.150462902795 -0.00695600988265505 0.125218243015149 -156.503682267424 80.0232923803336 0 7.98605679109407
156.521739130435 156.474574859208 -0.00640467698835938 0.124968648472129 -156.502694160292 7.36608478942765 0 8.00200700116417
160 159.832898392709 -0.00613766732506969 0.124826198004618 -156.502160697796 104.290590991752 0 8.01113881529105
168.478260869565 168.507188304573 -0.00552200084137162 0.124482332206589 -156.500902111085 81.9278246907984 0 8.03326851508866
170 169.619476422995 -0.00545056510334848 0.124441115174507 -156.500656694743 5.8020898162196 0 8.03592927142831
180 180.210966026175 -0.00482812758046116 0.124063450243949 -156.499142306707 -36.123992847321 0 8.06039166276347
190 189.81089801976 -0.00435211775306985 0.123825356771033 -156.497634844412 -23.1999671069853 0 8.0758903190492
200 200.486993132483 -0.00390031265585978 0.123374335876104 -156.496070141478 24.0394567452507 0 8.10541343869305
210 209.802247662958 -0.00356229765824598 0.122938098357689 -156.494507552284 84.1887986258745 0 8.13417494949771
220 219.614399579035 -0.00325095417601955 0.122586164160201 -156.492959731109 -12.7531040622065 0 8.15752745712114
220 219.834417733105 -0.00324382879553911 0.122625230499576 -156.492953768529 -69.8768296784546 0 8.15492860585048
230 229.600560751715 -0.00297364315023385 0.122279339138443 -156.491281151001 -59.2566262106839 0 8.17799643869366
230 229.760048275328 -0.00296972437737327 0.122194158210053 -156.491300622163 23.493271966332 0 8.18369727856373
240 239.890734531951 -0.00272452163398024 0.121822677804958 -156.489663510359 33.5681439958774 0 8.2086522642445
240 240.018311711058 -0.00272096720135143 0.121908278150755 -156.489675748723 32.1249791307881 0 8.20288839420218
250 249.70161172685 -0.00251422859752979 0.121382354334769 -156.488057595251 52.2335115455737 0 8.23842975760734
250 249.994722890028 -0.00250831247294062 0.12139810780458 -156.48799720141 74.7294766255959 0 8.23736068118742
260 259.789041419721 -0.00232296523330468 0.1210823433651 -156.486337929667 -60.4551112465078 0 8.25884247205803
260 259.855295926757 -0.00232157279101273 0.121032223545408 -156.486321820382 -61.7321499450441 0 8.26226248437739
260 260.175841316764 -0.00231588410964855 0.121041349662597 -156.48630153371 -0.166771829558521 0 8.2616395371293
262.5 262.927748964485 -0.00226758501610304 0.120825887743532 -156.485808715044 -87.4997582464353 0 8.27637204803847
265 264.951464778023 -0.00223310125511137 0.120750411132069 -156.485422327703 56.6918505594245 0 8.28154530179005
267.5 267.711039047671 -0.00218756439645669 0.120681041013595 -156.485013211408 36.5042785411304 0 8.2863057163001
270 270.066352239731 -0.00214949240253448 0.120612728271896 -156.484600110687 47.1009232877175 0 8.29099892132205
270 270.089056358332 -0.00214924156655359 0.120625732612109 -156.48468606119 77.915827174753 0 8.29010509072434
270 270.305701447271 -0.00214545565343197 0.12055027550812 -156.484555429988 129.923945727348 0 8.29529418978925
272.5 272.167334272842 -0.00211639269777648 0.120425355422003 -156.484062023891 -34.3942078326226 0 8.30389909579863
275 275.167349725161 -0.00207038469688962 0.120340570116667 -156.483669790268 47.0516715357657 0 8.30974956351402
277.5 277.06188333302 -0.00204252732679317 0.120245672202876 -156.483201430824 21.1582019358778 0 8.31630761989357
280 279.745460565991 -0.00200327325646148 0.120121546476123 -156.482779050001 7.50635943631106 0 8.32490114667954
280 279.984335917416 -0.00200013704264218 0.120144460057729 -156.482843920578 -53.9514709009406 0 8.32331344715769
282.5 282.289845291421 -0.00196728123774132 0.120015080460698 -156.482306105318 -43.6321234877349 0 8.33228621071065
285 284.860038278195 -0.00193212186212219 0.119937405804871 -156.481988194358 -47.5158335959471 0 8.33768242100318
287.5 287.223154909915 -0.00190027552840066 0.119850904056271 -156.48150857377 93.4693411457294 0 8.34370009867005
290 290.162356793094 -0.00186213875700416 0.119707706121947 -156.48097973268 -7.35818749924843 0 8.35368108199564
290 290.32877178072 -0.00185970419063193 0.119698353388147 -156.480989100909 55.1564028373344 0 8.35433380405233
292.5 292.273915253706 -0.00183531812829796 0.119595982923238 -156.480397656098 -51.5694355096295 0 8.36148485557283
295 295.13762119815 -0.0017999082544878 0.119658241392515 -156.480233458971 9.39685791501923 0 8.35713435499774
297.5 297.54913850083 -0.00177070071237343 0.119481649630286 -156.479543847049 60.5555054835628 0 8.36948605157624
300 299.295410980549 -0.00175026898961336 0.11920213879091 -156.478891050571 20.8030049695235 0 8.38911122017765
300 299.588134632046 -0.00174675190869735 0.119133462121398 -156.479104739447 114.341406487482 0 8.39394727722253
302.5 302.446317035793 -0.00171376718105859 0.119081579911201 -156.478357237601 -34.1337278534633 0 8.39760440486012
