#T/K Taveraged/K integrand/(eV K^2) rho/A^-3 potentialEnergy/(eV) P/bar Ptarget/bar v/A^3
24.5 24.5039270393311 -0.260903837913509 0.125060933207337 -156.521467706377 0.610955265792495 0 7.99610217478638
25 24.9939231879382 -0.250766009466993 0.125050286388371 -156.521400138511 -3.55950202393871 0 7.99678296532869
25.2459016393443 25.2475394707075 -0.245759933693065 0.125022526299961 -156.52136695879 -1.63832887751824 0 7.99855857656201
25.9918032786885 25.9887688728627 -0.231945198039106 0.125002818653522 -156.521265690022 -2.37364247963043 0 7.99981961024225
26.7377049180328 26.7318332518806 -0.219218434028372 0.124974377590223 -156.521168937967 3.31014036101924 0 8.00164017042666
27.4836065573771 27.494001865813 -0.207242201051381 0.124957483333817 -156.521067467833 -2.59968923600287 0 8.00272199247608
28.2295081967213 28.2182972282543 -0.196735021733522 0.124939489213629 -156.520966419747 -2.41966603608303 0 8.00387456595203
28.9754098360656 28.9804682907019 -0.186517581638039 0.124914285876461 -156.52086637863 2.602323282169 0 8.0054894681061
29.7213114754098 29.7369452468826 -0.177149458786322 0.124886868430563 -156.520766806656 -1.4258311340802 0 8.00724697934115
30.4672131147541 30.4852765928141 -0.16856112638027 0.124879130746634 -156.520663696366 1.64080727171168 0 8.00774311945599
31.45 31.4476115953353 -0.158408060685928 0.124852934383229 -156.520532483173 1.05236494670476 0 8.00942328620452
32.2058823529412 32.2215604250465 -0.150891771120759 0.124831464650594 -156.520433302949 -4.21842916224567 0 8.01080082492843
32.9617647058824 32.9598349182781 -0.1441987103826 0.1248233608403 -156.520322874232 -1.12589812931157 0 8.01132090394044
33.7176470588235 33.7047810092083 -0.137892352048441 0.124801690474258 -156.520222180962 2.42751063826172 0 8.01271197689638
34.4735294117647 34.4714224722436 -0.131830314637042 0.124777662847238 -156.520121635747 0.87901972204848 0 8.01425493298646
35.1851851851852 35.1829749871225 -0.126562749229894 0.124780689237547 -156.520021750407 0.389096896745149 0 8.01406055785032
35.2294117647059 35.2345054925982 -0.12619112601482 0.124760855072091 -156.520017368579 -0.890733041583116 0 8.01533461294541
36.25 36.2465380769804 -0.119239510666274 0.124731960575867 -156.519878506382 4.32559433537138 0 8.01719138690005
37.7840909090909 37.7822495797788 -0.109739493908138 0.124707903388556 -156.519665574678 4.09593375627205 0 8.01873796951162
39.3181818181818 39.2765448873631 -0.101548483157172 0.124669181904841 -156.51945902912 -0.316906003660515 0 8.0212285403725
40.8522727272727 40.8341931212877 -0.0939476170008562 0.124622709191556 -156.519251662937 0.811807875346281 0 8.02421971474646
42.3863636363636 42.3602631035515 -0.0873056132449939 0.124589190752387 -156.519044398182 -3.86084779362692 0 8.02637848404868
43.9204545454545 43.9342970565052 -0.081158976143418 0.124545945458825 -156.518837766398 -3.4338683416967 0 8.02916543221076
45.3703703703704 45.3702888485212 -0.0761016717850741 0.124512979649066 -156.518637000502 -5.76483539021608 0 8.03129121814011
45.4545454545455 45.4311893694745 -0.0758967210488794 0.124511007589938 -156.518619470002 1.64944933295246 0 8.03141842119998
46.9886363636364 47.0194876143674 -0.0708549113176951 0.12446853149353 -156.518420083853 2.29296475566532 0 8.03415922081465
48.5227272727273 48.5108220196269 -0.0665667150181948 0.124425739300881 -156.518204001078 2.73893722160604 0 8.03692230899138
50.0568181818182 50.0791058962094 -0.0624628074167907 0.124423787461239 -156.517997743824 -4.68539096663569 0 8.03704838442989
51.5909090909091 51.5487609778544 -0.0589529482456605 0.1243691097163 -156.517785766159 1.95055665614095 0 8.04058179946062
53.125 53.1139969192637 -0.055527939199957 0.124305829323687 -156.517575967503 -5.33637090994712 0 8.04467501999481
54.6590909090909 54.6375968701923 -0.0524722485236733 0.124293864272072 -156.517360996979 2.78265958433897 0 8.04544943434264
55.5555555555556 55.5471790846722 -0.050771613159087 0.12424463853307 -156.517251192396 4.30516512985548 0 8.04863704226425
56.1931818181818 56.1880155490956 -0.0496180607425651 0.124239370923185 -156.51715503273 -0.229184176588266 0 8.04897829544134
57.7272727272727 57.7315596995865 -0.0469993155643532 0.124193855081992 -156.516950780436 2.16705641057723 0 8.05192816778098
59.2613636363636 59.2702913928508 -0.0445930684063955 0.124165927102164 -156.516735068452 5.77091217791683 0 8.05373924504426
60.7954545454545 60.8227570576563 -0.0423420375605215 0.124113981080337 -156.516526840438 -5.67297585605657 0 8.05711001529081
62.3295454545455 62.2882526321895 -0.0403745002479827 0.12410255296031 -156.516305572998 -0.17028236893386 0 8.0578519631245
63.8636363636364 63.8686279850981 -0.0384031477921614 0.124067501221189 -156.516099672455 -3.83976794738234 0 8.06012847971517
65.7407407407407 65.7733100722337 -0.0362091039966921 0.124004445891033 -156.515842246577 -5.55464958720214 0 8.06422699456061
75.9259259259259 75.9371163927093 -0.0271649326877077 0.123718873014316 -156.514434754228 -3.89047221759878 0 8.08284116752571
86.1111111111111 86.1167902435915 -0.0211217256700547 0.123442319611135 -156.513013357053 1.10439065246641 0 8.10094952160793
96.2962962962963 96.3835959356224 -0.0168606505457266 0.123193251938756 -156.511589690536 -5.76436663175825 0 8.11732772909623
106.481481481481 106.510152527093 -0.0138072776388936 0.122948774141082 -156.510135326528 -7.39638857907115 0 8.13346864973627
116.666666666667 116.71759586268 -0.0114972155876104 0.122620171903906 -156.508691195919 -4.96850825156351 0 8.15526503081131
126.851851851852 126.927324140366 -0.00972277724819201 0.122308184141031 -156.507230093904 -3.082932523839 0 8.17606775068236
137.037037037037 136.976048694613 -0.00834799241532854 0.122033858661111 -156.505756731417 -8.04277058593641 0 8.19444710649534
147.222222222222 147.27343033233 -0.0072205188662604 0.121762161207243 -156.504270327497 9.679108854544 0 8.21273201859455
157.407407407407 157.467013807004 -0.00631659826484468 0.121449856772395 -156.502777314616 6.15813408229678 0 8.23385079715713
167.592592592593 167.572210212146 -0.00557747447442235 0.121127887733635 -156.501243676857 2.97844446617088 0 8.25573712801001
177.777777777778 177.758505655421 -0.0049563310126691 0.120798320023537 -156.499716837566 10.874549718862 0 8.2782608218819
187.962962962963 187.851942881062 -0.00443796172410032 0.120502645558572 -156.498168887096 -0.00989231641759924 0 8.29857299285549
198.148148148148 198.117185093709 -0.00399019304352771 0.120148095127586 -156.4966033472 -16.7554207402787 0 8.32306162605486
208 207.935790580256 -0.00362217349696797 0.119854207850152 -156.495101177619 -1.03258177047749 0 8.34347010369675
218.222222222222 218.165975717967 -0.00329023170995836 0.119462475011421 -156.49344316397 10.2745643726078 0 8.37082941655445
228.444444444444 228.449740599541 -0.00300045237788721 0.119130495696771 -156.491834282562 -3.48751194181239 0 8.39415629181423
238.666666666667 238.609195950795 -0.0027504823631423 0.118783375925365 -156.490195603502 3.49659693730745 0 8.41868647198852
248.888888888889 248.915602411898 -0.00252745114268483 0.118411831586261 -156.48849847278 -4.20246305413858 0 8.44510203586809
259.111111111111 259.064404771537 -0.0023331215000944 0.117991180635022 -156.486733908915 -1.77248100141814 0 8.47520971159076
269.333333333333 269.311283831193 -0.00215891715450614 0.117522000846077 -156.48497548688 -0.198053906254688 0 8.50904505369796
279.555555555556 279.636108691336 -0.00200243706793644 0.117058604817105 -156.483106612843 -26.9687254032354 0 8.54272952904589
289.777777777778 289.836524972922 -0.00186387594144162 0.116630029943328 -156.481221059785 -1.52366615740638 0 8.57412109459214
300 300.019556272054 -0.00173952582782684 0.115997754486416 -156.479147240573 -6.94961980153823 0 8.6208565366419
