#T/K Taveraged/K integrand/(eV K^2) rho/A^-3 potentialEnergy/(eV) P/bar Ptarget/bar v/A^3
20 20.0152658808311 -0.391358245456666 0.118627517942819 -156.50683456041 -0.228765737196273 0 8.42974730772015
20.8928571428571 20.8798035496202 -0.359598472448001 0.11861135951665 -156.50671323245 1.74758745889544 0 8.4308956922429
21.7857142857143 21.7756365302866 -0.330625693497798 0.118595437566691 -156.506592464687 -0.971995667222185 0 8.43202757642054
22.6785714285714 22.6781319786351 -0.304847633840247 0.118579524485753 -156.506473259531 -1.16980769942973 0 8.43315913381109
23.5714285714286 23.5667487547929 -0.282262777656005 0.118554583115566 -156.506354721253 -2.5862115336174 0 8.43493329165696
24.4642857142857 24.4728245687143 -0.261744780684908 0.11855383473713 -156.506228591268 -0.971894318249148 0 8.43498653769661
25 24.9753342426126 -0.251297322505547 0.118538418924514 -156.50615770672 -16.4848957316956 0 8.43608349995628
25 24.9828477680449 -0.251215845070547 0.118530833131605 -156.506154339571 17.2518567975561 0 8.43662339646006
25 24.9900410691288 -0.251033363919333 0.118544378076802 -156.506155126904 0.962110695406774 0 8.43565942327624
25 25.0043077433357 -0.250770702401983 0.118543754570044 -156.506156481091 13.0450962814591 0 8.43570379246871
25.3571428571429 25.35012975667 -0.243966989439138 0.118522838518014 -156.506107723979 -1.07901291384071 0 8.43719246437059
25.5 25.4906409025805 -0.241247483245456 0.11851803853886 -156.506082801902 -2.07026763731742 0 8.43753417056521
25.5 25.4963808338203 -0.241171928196262 0.11852909098761 -156.506090172998 7.24025895612324 0 8.43674739819385
25.75 25.7392389889589 -0.236641362041656 0.118522155237738 -156.506053094886 3.16288876762765 0 8.43724110478881
26 25.9768683964097 -0.232310082687473 0.118528232902956 -156.506014609515 -10.8740769840919 0 8.43680847599192
26 25.977387584532 -0.232353574545244 0.118523949246273 -156.506019325724 3.75627089107138 0 8.43711339656902
26.25 26.2344207267075 -0.22779526608476 0.118517768814573 -156.505981757757 0.916259527949193 0 8.4375533728158
26.5 26.4742357530753 -0.223666685512245 0.118497371527457 -156.505949842076 -4.5733186840697 0 8.43900575269967
26.5 26.4896497000357 -0.223409851923558 0.118521722970163 -156.505948339553 -0.981664174143738 0 8.4372718767491
26.5 26.5376355613475 -0.222623950076858 0.118511696933987 -156.505954206864 -9.54829713439345 0 8.43798566614919
27 27.0041425473968 -0.215007943597985 0.118513836926394 -156.505890397568 8.85090431281259 0 8.43783330229262
27 27.0181674636768 -0.214808466030011 0.118509767995568 -156.50588364696 -7.23681575320234 0 8.43812300803257
27.1428571428571 27.1365897100711 -0.21288416195327 0.118504543823695 -156.50586296688 -2.07831476081193 0 8.4384949954978
27.25 27.2340511818192 -0.21136990846262 0.118494911977805 -156.505849804833 -0.251170272964432 0 8.43918091763559
27.5 27.4937020186322 -0.207404606440401 0.11851886724047 -156.505813569172 2.09383247074618 0 8.4374751740669
27.5 27.4943811100881 -0.20738554989405 0.118500205931116 -156.505813780062 3.14484673974898 0 8.43880390031808
28 27.9835592608389 -0.200182405804459 0.118472397425209 -156.505742017122 -32.5478310618271 0 8.4407847037222
28 28.010617846666 -0.199804209687765 0.118485549826581 -156.505747401179 1.10814921850178 0 8.43984774062013
28.0357142857143 28.0267314419248 -0.199592085738759 0.118484402811393 -156.505740886073 0.380220891697727 0 8.43992944448416
28.5 28.5332837562953 -0.192558158452868 0.118462220478274 -156.505681004591 1.09403955904818 0 8.44150984138776
28.75 28.7492541909914 -0.189680992881187 0.118477009393931 -156.505643078153 -1.30056563685299 0 8.44045612828595
28.9285714285714 28.943621540656 -0.187128404719194 0.118477963508502 -156.505621898822 0.481173466455805 0 8.44038815647128
29 28.9759625265768 -0.186694376546589 0.11849657017528 -156.505610978918 29.8548389066173 0 8.4390628228378
29.5 29.4961631608781 -0.180193757421813 0.118458593998311 -156.505541298708 -2.43297869458718 0 8.44176826895529
29.5 29.529606358738 -0.179774137718373 0.118480712908232 -156.505551074712 37.6285217522708 0 8.44019229336121
29.8214285714286 29.8248838207821 -0.176244151637481 0.118457055250854 -156.50549805451 -0.0744995502640467 0 8.4418779268345
30 29.9688679891734 -0.17455489587065 0.118452829623393 -156.50547308485 -5.16986463794448 0 8.44217907819833
30.25 30.2470015515336 -0.171374650618483 0.118445983037377 -156.505437659676 -3.34225042360959 0 8.44266706524302
30.5 30.4381460532578 -0.169215888073337 0.118443934412353 -156.505397186287 -24.1633850827604 0 8.44281309094799
30.5 30.4831398118904 -0.168722904780211 0.118474675361087 -156.505404789665 43.6641861896306 0 8.44062241109504
30.7142857142857 30.7252740109163 -0.166061842754697 0.11844314896592 -156.505376693129 -3.12010497669186 0 8.44286907879942
31 30.9871434611238 -0.163270050625835 0.118439681590804 -156.505333032046 3.41327582777858 0 8.44311624760094
31 30.9890642180806 -0.163241035486119 0.118437070846475 -156.505339259716 14.4587589556591 0 8.44330236177709
31 31.0009821604365 -0.163138485836381 0.118461475271645 -156.505331072822 47.6197335296764 0 8.4415629444669
31.5 31.4727238105725 -0.15826718212059 0.118408817693674 -156.505267466232 -26.9983977136389 0 8.44531699140023
31.5 31.5330570229652 -0.157654716848513 0.118435048624892 -156.505266131961 45.5465228480723 0 8.44344652711044
31.6071428571429 31.6101123206751 -0.156902021027283 0.11842401532272 -156.505253969903 1.00972295253028 0 8.44423318424792
31.75 31.7605505402397 -0.155410911253931 0.118418175866917 -156.505232254217 1.97843983035691 0 8.44464958760927
32 32.0426846098771 -0.152665693335835 0.118438527898983 -156.505196076702 19.0517282144565 0 8.44319849072175
32.5 32.4938393602636 -0.14848497373217 0.118409858578175 -156.505127392953 -1.6222330338579 0 8.44524275265298
32.5 32.5011302388346 -0.148391161068071 0.118405275864068 -156.50512814998 -37.5306686704782 0 8.4455696142123
33 32.9799317646917 -0.144130895906132 0.118389427003386 -156.505065098938 -12.2406057348397 0 8.44670022747387
33.3928571428571 33.3865952305653 -0.140642734873704 0.118391614725721 -156.50500859161 6.56731756741726 0 8.44654414349113
33.5 33.5264210007686 -0.139481220774301 0.118417180109258 -156.504991990974 -9.35795476109249 0 8.44472059778273
34 34.0279687978658 -0.135375722469196 0.118392661750273 -156.504920528083 -28.265434420884 0 8.44646944511905
34.2857142857143 34.2949157176233 -0.133277493478383 0.118387564815473 -156.50488267837 2.30998420512972 0 8.44683309060941
34.5 34.5370032641765 -0.131452484595605 0.118369916447392 -156.504858304888 8.47684885990241 0 8.4480924715735
35 35.0514341848204 -0.127608169849265 0.118360190991173 -156.504790349851 -10.3186553130971 0 8.44878663700852
35.1785714285714 35.1719051986694 -0.126732666668204 0.118365569934653 -156.50476510236 -1.10026433789322 0 8.44840269473698
35.5 35.4328404848251 -0.124872562875951 0.118355437770694 -156.504715488199 15.3855498344579 0 8.44912594499831
36 35.9753839788112 -0.121132312774605 0.118347633652625 -156.504649359973 8.40051432358741 0 8.4496831000036
36.0714285714286 36.0720174288231 -0.12047775906739 0.118349628025221 -156.504638777896 -0.416114393188527 0 8.4495407098947
36.0714285714286 36.0848869526842 -0.120398033308242 0.118362719510937 -156.504635690427 -2.79202813167449 0 8.4486061500775
36.5 36.5030092053865 -0.117648347540493 0.1183359578942 -156.504587528956 -2.06424564321644 0 8.45051679806459
36.9565217391304 36.9465626957428 -0.11485601357743 0.118334332170962 -156.504514477585 -16.541145552776 0 8.45063289456233
36.9642857142857 36.9487135432626 -0.114836244154272 0.118332901974071 -156.504516662383 -0.513404251873982 0 8.4507350307281
37 37.0387097922848 -0.114288424408299 0.118332483822901 -156.50450638914 -1.82892817918433 0 8.45076489306707
