#T/K Taveraged/K integrand/(eV K^2) rho/A^-3 potentialEnergy/(eV) P/bar Ptarget/bar v/A^3
20 19.9945615334416 -0.392127992482486 0.120351102393556 -156.529837322936 1.37124221061013 0 8.30902235303116
20.8928571428571 20.8980040565564 -0.358957236950488 0.120325057637762 -156.529718055907 2.14496218296634 0 8.31082086833897
21.7857142857143 21.7845634333977 -0.330346604193517 0.120302515376459 -156.52959819302 -0.572119588944854 0 8.31237814829331
22.6785714285714 22.678332543669 -0.304815944466689 0.120285332564435 -156.529478955013 1.22078593769304 0 8.31356557512377
23.5714285714286 23.5679537283384 -0.282257154706071 0.120269383968448 -156.529358402128 1.22709518587017 0 8.31466801444953
24.4642857142857 24.4696767703652 -0.261810114943111 0.120249284408972 -156.529236874092 -0.539602746034716 0 8.31605780371189
25 24.9879564492217 -0.251080172626893 0.120248315805631 -156.529164394768 0.601646582048723 0 8.31612478977582
25 25.0100942033488 -0.250646049446521 0.120259710492501 -156.52916370403 5.26289627608237 0 8.31533683146821
25 25.0132779496331 -0.250559604154319 0.120258385393704 -156.529163318074 16.0186578560588 0 8.31542845620442
25.3571428571429 25.3592624525434 -0.243776701992777 0.120237628781529 -156.529116401568 1.18210946302121 0 8.31686394794919
25.5 25.5190069178043 -0.240706167909257 0.120240247567361 -156.529095684048 31.1277142394884 0 8.31668280988679
25.75 25.7505973689968 -0.236431350634021 0.120229152955852 -156.529060954532 3.31417185677247 0 8.31745026405702
26 25.9967844886483 -0.231972783867813 0.120218801535003 -156.529033631164 23.1752608750838 0 8.31816643679349
26.25 26.2483777306733 -0.227530074623554 0.120212514484763 -156.528996934925 1.84744182380375 0 8.31860147245112
26.25 26.2544820785854 -0.227427939566307 0.120215904137396 -156.528996726421 -4.89791607737032 0 8.31836691805013
26.5 26.5049445571626 -0.223155804963301 0.120208544396575 -156.528963724759 2.48096660736432 0 8.31887620817487
26.5 26.5274853458414 -0.222776938627263 0.120211361748104 -156.528962103062 -20.1683845412529 0 8.31868124159046
27 27.0210291608716 -0.214703434807184 0.120202468347818 -156.528895713584 18.4672510485033 0 8.3192967144934
27.1428571428571 27.1443259282591 -0.212768058314656 0.120200735577745 -156.528875826385 0.538685370357795 0 8.31941664244816
27.25 27.2538956381248 -0.211046722086469 0.120194878421777 -156.528861958873 -2.03935137842728 0 8.31982205174241
27.5 27.51457116331 -0.207075777738453 0.120195772871618 -156.528827162943 -10.5501989185765 0 8.31976013888697
28 27.9940804913988 -0.200032925161141 0.120178131188379 -156.528759518374 0.253613560366364 0 8.32098144738582
28 28.0081990093186 -0.199838557900204 0.120180233182191 -156.528763274376 4.21439193774853 0 8.32083591054462
28.0357142857143 28.0341345231993 -0.199483589584962 0.120178351039132 -156.52875610904 -1.0104948236698 0 8.32096622522627
28.5 28.5451824381803 -0.192414703152402 0.120176452168722 -156.528690586347 -14.5882346738177 0 8.32109770220251
28.75 28.7531927431573 -0.189622308176551 0.120163680526177 -156.528656329381 2.98983987338083 0 8.32198211324059
28.9285714285714 28.9019168689884 -0.187675985956745 0.120165253131847 -156.528631536295 -0.893056281698541 0 8.32187320325277
29 29.036062403381 -0.185930021636478 0.120166476635032 -156.528622164674 10.7286022663514 0 8.32178847214758
29.5 29.4929848142392 -0.180225519015194 0.12014075940951 -156.52855836657 -0.0661688896942812 0 8.32356982688457
29.5 29.5106326874545 -0.180005599131765 0.120151778974009 -156.528552442828 -15.9751688297189 0 8.32280644147862
29.8214285714286 29.8112174904887 -0.176403274557122 0.120142018825335 -156.528513764187 1.0905638992345 0 8.32348257318549
30 29.9777852054434 -0.174442868991938 0.120141291435791 -156.528487063567 2.06383553852373 0 8.32353296730166
30.25 30.2638613869802 -0.1711532539625 0.120128583026001 -156.528455815658 0.641164643841302 0 8.32441351433868
30.5 30.4747938818449 -0.168817475524415 0.120139619589206 -156.528420448682 -14.305036209045 0 8.32364879645286
30.7142857142857 30.712546966068 -0.166200080531874 0.120126166073302 -156.528391425043 1.23911049296124 0 8.3245810025252
31.6071428571429 31.5925453803506 -0.157070217644792 0.120106321980106 -156.528269880849 -0.671764965263485 0 8.32595639857856
31.6071428571429 31.5946352171862 -0.157051715919214 0.12011550683156 -156.528270449103 -0.101400435680876 0 8.32531973912673
32.5 32.5073596974019 -0.14835306661379 0.120090954686233 -156.528150308947 -1.98490458862765 0 8.32702181952625
33.3928571428572 33.4004371478724 -0.140517800508124 0.120063108577515 -156.528033018406 -2.13907442810189 0 8.32895309681561
34.2857142857143 34.2790029678834 -0.133404469324732 0.120044937377952 -156.527908332246 3.63233766369549 0 8.33021385026495
35.1785714285715 35.1766263442445 -0.126697060481082 0.120035867947532 -156.527787051197 -1.29581572072061 0 8.33084324792902
36.0714285714286 36.0636123961154 -0.120532096563132 0.120011515414501 -156.527665519238 2.54281501300574 0 8.33253372850224
36.9565217391304 36.9718093694954 -0.114694171750747 0.119997941053711 -156.527541396867 -11.1487358433561 0 8.33347631816786
36.9642857142858 36.9746928063194 -0.11466251097905 0.119995810825134 -156.527542306648 3.38374714997056 0 8.33362425841069
37.8571428571429 37.8823894420583 -0.109237994774737 0.119976257717129 -156.527421725777 -7.74043667344488 0 8.33498242925465
48.9130434782609 48.909656441851 -0.0655316631155894 0.119729855688647 -156.52591808288 -8.69410368442034 0 8.35213568285312
60.8695652173913 60.949372898217 -0.0421980977446083 0.119478032832135 -156.524280698509 -4.14960053656883 0 8.36973940979581
72.8260869565217 72.8163574087068 -0.0295612759475403 0.119234161867582 -156.52263649918 15.4553106323242 0 8.38685813140176
84.7826086956522 84.7812798114418 -0.021807386598536 0.118958992559434 -156.520962607169 -16.9402858390407 0 8.40625814395986
96.7391304347826 96.7418823963081 -0.016747920207192 0.118677618378315 -156.519291390816 12.1577971540817 0 8.42618864167161
108.695652173913 108.868999448016 -0.0132248484559752 0.118404939962207 -156.517591446571 23.9687771841479 0 8.44559357336938
120.652173913043 120.538372517255 -0.0107880627687084 0.118115279852508 -156.515893040514 -20.2761223488211 0 8.46630513214475
132.608695652174 132.693093469601 -0.0089016687465695 0.117820278277049 -156.514174703504 46.6732862308266 0 8.48750329419991
144.565217391304 144.511583221482 -0.00750470748113342 0.117513807343609 -156.51243839101 -33.5139736687073 0 8.50963833616601
156.521739130435 156.292437289659 -0.00641642044186093 0.117220587263255 -156.510703914796 -26.9090819422756 0 8.53092467242284
160 160.053913512747 -0.00611762767992844 0.117097431429289 -156.510148488713 59.0410201435081 0 8.53989697121467
171.666666666667 171.556447002467 -0.00532464543636026 0.116800503674735 -156.508425909919 -13.7365136613999 0 8.56160691553858
183.333333333333 183.052707162785 -0.00467698378784279 0.116483039156444 -156.506659468047 51.0183034112236 0 8.58494083981564
195 194.932993204513 -0.00412453616009138 0.116174553477776 -156.504880221769 -19.3285331032628 0 8.60773697909067
206.666666666667 206.7678056369 -0.00366561311924414 0.115793322717035 -156.503101641198 -13.3301443974792 0 8.63607655895414
218.333333333333 218.231502504623 -0.00329046260498789 0.11542239960758 -156.501256711644 -47.9431877031227 0 8.66382958073875
230 230.145034464763 -0.00295897311215469 0.115108345410918 -156.499431619889 17.6379452450341 0 8.68746741541771
241.666666666667 241.995548585903 -0.00267601739010138 0.114668140417134 -156.497486336542 50.2593246505177 0 8.72081814846089
253.333333333333 253.07662339211 -0.00244700156338468 0.114375961646066 -156.495620943052 101.580722895472 0 8.74309588840424
265 265.186037394878 -0.00222833377359175 0.113934507163822 -156.493692904598 -125.100353607335 0 8.77697218246743
276.666666666667 276.788944971755 -0.00204526052787843 0.113438810902373 -156.491635579356 103.801211898907 0 8.8153251259008
280 279.934663246908 -0.00199992258030599 0.113333987278461 -156.491119327691 -90.6182305443952 0 8.82347849937556
286 286.012377148318 -0.0019154695530879 0.113215122883764 -156.49012904209 -18.71554589685 0 8.83274225676267
288.333333333333 287.737422929655 -0.00189256900015132 0.11305383361149 -156.489665003349 -4.1369415311943 0 8.84534356823761
292 292.115551445018 -0.00183629599290839 0.112904222232044 -156.488991753038 41.8876374434688 0 8.85706468926179
298 297.937283812554 -0.00176516874358897 0.112566524032253 -156.487853778444 16.249233218808 0 8.8836357753525
300 299.899375158541 -0.00174215274783638 0.112580293044762 -156.487556640648 63.6021780930266 0 8.88254927176638
304 304.240804785295 -0.00169285886439098 0.112336245074895 -156.486752197891 114.193232610686 0 8.90184641059791
310 310.027830598208 -0.00163027522541382 0.112147574704697 -156.485728461044 -37.5448184219865 0 8.91682234442579
316 316.262315164597 -0.00156654733106416 0.111874657988236 -156.484600093065 -130.214679782481 0 8.93857481204681
322 322.651048945649 -0.00150520907512172 0.111622131013051 -156.483501515412 59.1245403295272 0 8.95879688843312
328 328.296485731332 -0.00145382699496827 0.111411499070691 -156.482413360953 131.507186095977 0 8.9757341777216
334 334.004867027589 -0.00140442752299197 0.110975859670646 -156.48103725369 -71.616996633644 0 9.01096871849249
340 339.573956154059 -0.00135871476527895 0.110654780512034 -156.479677784241 -51.5155318457111 0 9.03711520977847
352 351.940083465948 -0.00126481236337016 0.109723788092462 -156.476554740729 1.88930428924231 0 9.11379398565166
