#T/K Taveraged/K integrand/(eV K^2) rho/A^-3 potentialEnergy/(eV) P/bar Ptarget/bar v/A^3
20 20.0014376291997 -0.392128294573694 0.106824560152647 -156.518110909643 0.551437902310698 0 9.36114315444924
20.8928571428571 20.902471732049 -0.35906407899311 0.106800084829173 -156.517989829627 -1.48880049773234 0 9.36328844307101
21.7857142857143 21.7815227823206 -0.330673373005688 0.106784312924799 -156.517869458487 -1.0583229231942 0 9.36467138861712
22.6785714285714 22.6778854023919 -0.305017197196747 0.10676215362322 -156.51774716617 0.869927648460592 0 9.36661509779162
23.5714285714286 23.57957514136 -0.282151896102089 0.106748208061517 -156.517628855972 -2.55921756039367 0 9.3678387502647
24.4642857142857 24.4517593506333 -0.262401803006609 0.106732707449255 -156.517507070333 -0.0773793330558805 0 9.36919922578968
25 24.9971798457147 -0.251070204097268 0.106732713530673 -156.517435195511 -0.231149656742425 0 9.36919869195136
25 25.0053271909184 -0.250915770447026 0.106707932824466 -156.517433926559 0.437134688835876 0 9.37137449419991
25 25.009067034776 -0.250825007883064 0.106735030617847 -156.517436789848 2.08104603492679 0 9.36899529808907
25.3571428571429 25.3466829576562 -0.24420583239071 0.106709166984751 -156.517384909148 4.04802276994258 0 9.37126610821448
25.5 25.5075468672065 -0.241144077872289 0.106693279272473 -156.517364903145 -8.17450054147969 0 9.3726615848614
25.75 25.70844438273 -0.237356630769369 0.106706954796577 -156.517329828613 3.97887842309445 0 9.37146038799783
26 25.9864924427453 -0.23231438913482 0.10673648119175 -156.517294629106 31.2018799432358 0 9.36886797123772
26.25 26.2315203331661 -0.228002152071525 0.106682780227651 -156.517265406841 1.30577855260077 0 9.37358398296424
26.5 26.4562963317628 -0.224111684160146 0.106666111365856 -156.517237361173 -35.1005872614006 0 9.37504880598942
26.5 26.5279177340109 -0.222919338075881 0.106682529196234 -156.51723634127 -3.41183416701219 0 9.3736060396598
27 27.0163824837457 -0.214929970831103 0.106686263292487 -156.517157835048 -4.64473772161531 0 9.37327795667977
27.1428571428571 27.1366996180709 -0.213050805435317 0.106676702362177 -156.517142262211 0.445378333603523 0 9.37411803942824
27.25 27.2813489378086 -0.210797293548038 0.106685917806254 -156.517127985862 -1.57153692654342 0 9.37330831062485
27.5 27.4709983090478 -0.207888020710728 0.10666979003198 -156.517091976338 -15.4889219531914 0 9.37472549350852
28 27.9721470461859 -0.200492630843775 0.106673196519416 -156.5170252509 1.41635938591663 0 9.37442612229199
28 28.0286398128028 -0.199669326111373 0.106678141986592 -156.517022277489 12.8981679816125 0 9.37399153545143
28.0357142857143 28.0366332305267 -0.199562054156395 0.106658914821079 -156.517020850948 1.04553192713449 0 9.37568136407076
28.5 28.4915080623183 -0.19323353975586 0.106640662126741 -156.516959089174 -15.3112617699141 0 9.37728611260415
28.75 28.7619269827102 -0.189633783292892 0.10662364251046 -156.516926806227 -0.285842536706022 0 9.37878294583583
28.9285714285714 28.9220358599303 -0.187535766165101 0.106653163806545 -156.516902015118 1.89223428156337 0 9.37618692506739
29 29.030928722806 -0.186134896953446 0.106649940061623 -156.516896209032 21.4033162187951 0 9.37647034233865
29.5 29.5015037031648 -0.180239860724039 0.106621757083961 -156.516823377471 -11.7921819097393 0 9.37894879384263
29.5 29.5096074025685 -0.180156665979285 0.106633478976101 -156.516823958577 -2.76139638494974 0 9.37791779469302
29.8214285714286 29.8178001133854 -0.176441963659914 0.106637752948869 -156.516778788158 0.452822674082042 0 9.37754193376042
30 29.9128579332993 -0.175314428325319 0.106625878406291 -156.516751211663 -13.4791284911922 0 9.37858627705336
30.25 30.2512950397189 -0.171407728064303 0.1066225606645 -156.51671867169 -3.53841910078211 0 9.37887810767007
30.5 30.5137163436408 -0.168466157325975 0.106638349884772 -156.516681821275 7.8297234934463 0 9.37748944053006
30.7142857142857 30.7023995990362 -0.166416989268429 0.106605783276068 -156.516656169795 -1.16662041669157 0 9.38035413529471
31 30.9977320132716 -0.163262064971074 0.106606602239889 -156.516619257312 0.621159957147697 0 9.38028207436697
31 31.0219602596788 -0.163001895004983 0.106609926013978 -156.516615750205 -4.90022423057958 0 9.37998962562726
31.5 31.4891365300364 -0.158205353034512 0.106591486416729 -156.516551759109 -12.4912270337584 0 9.38161229960163
31.6071428571429 31.620942231502 -0.156884970841158 0.1065959615724 -156.516537153041 -2.15485142204789 0 9.38121843688044
31.75 31.7653663031545 -0.155461840355028 0.106598585925545 -156.516514976549 -0.466024750527855 0 9.38098748043867
32 32.006950255421 -0.153141203013211 0.106605119048744 -156.516482919907 12.7056416755111 0 9.38041258171441
32.5 32.507101065506 -0.148448750001115 0.106567572113863 -156.516414483001 -2.09395019212863 0 9.38371758091233
32.5 32.5074877818898 -0.148458163738909 0.106554525480835 -156.516413446603 -15.9844376624291 0 9.38486653182893
32.5 32.5144531144017 -0.148380040927383 0.106563468206556 -156.516416367855 -0.938532869172884 0 9.38407896092178
33 33.0416467957699 -0.143681921349834 0.106562039691819 -156.516345201636 -17.9755210120522 0 9.38420475895573
33.25 33.2605726654565 -0.141810663494473 0.1065644214231 -156.516314240335 -0.264654012865061 0 9.38399502052969
33.3928571428571 33.3882908155934 -0.140722578562566 0.106555850187796 -156.516289898065 -1.96229698833812 0 9.38474985876027
33.5 33.4723922753476 -0.140018722334374 0.106565437945053 -156.516282221131 -1.44592631301878 0 9.38390550710841
34 33.9947777483134 -0.135761990475709 0.106550746050158 -156.516209171142 2.07762608396553 0 9.38519941971365
34.2857142857143 34.296242201067 -0.133362290896015 0.106557588507314 -156.516168601737 -3.02007322347105 0 9.38459676132178
34.75 34.7484032011404 -0.129924003759109 0.106534659064114 -156.516104323306 0.451355161279824 0 9.38661660707232
35.1785714285714 35.172744290304 -0.126809160087066 0.106535099927976 -156.516047413844 4.12867407472323 0 9.38657776334803
35.5 35.4705542080101 -0.12467823631491 0.106527252141367 -156.516001649607 1.78719936355566 0 9.38726926583023
36.0714285714286 36.0685989629702 -0.120587202986579 0.106505794032556 -156.515924026564 0.114592089458059 0 9.38916055303364
36.25 36.2236392895226 -0.119566009592845 0.106505505488296 -156.515899582135 -0.421584532670843 0 9.38918599010722
36.9565217391304 37.0004500291906 -0.114585149008038 0.106507279387603 -156.515806760705 6.19717672018199 0 9.38902961140134
36.9642857142857 36.953306646858 -0.11487487710781 0.106497830362041 -156.515806067544 -3.47329057556766 0 9.38986265354405
37.8571428571429 37.8648205565713 -0.109409897016453 0.106475643262319 -156.515684455412 -3.66758325813995 0 9.39181928712418
38.75 38.7122178177421 -0.104670607795152 0.106457732431245 -156.515555176021 -1.24131704707885 0 9.39339940051646
39.6428571428571 39.6528964961184 -0.0997677164301039 0.10644704069087 -156.515437220041 0.470026454100808 0 9.3943428911666
40.5357142857143 40.5394274615997 -0.0954738610513766 0.106414893546191 -156.515318758684 0.989548646078012 0 9.39718085200106
41.4285714285714 41.4297959088364 -0.0914017141228684 0.106405252414237 -156.515194445006 -2.26717254899478 0 9.39803230865883
42.3214285714286 42.373724013244 -0.087362678893965 0.106387706611654 -156.51507267031 -8.25455954603129 0 9.39958226235938
43.2142857142857 43.1852336380485 -0.0841173002107002 0.106393877593257 -156.514941058606 1.48570553622048 0 9.39903707451092
44.1071428571429 44.1039286873389 -0.0806479760078668 0.106363713128452 -156.514827469045 -0.919585773735797 0 9.40170261630798
45 44.9970592684626 -0.077488297206257 0.106355718662789 -156.514696877259 3.10167766500411 0 9.4024093163302
45.8928571428571 45.893077825798 -0.0744815681710226 0.106318736932097 -156.514580480974 -2.49592817922771 0 9.40567983457773
46.7857142857143 46.7906437886467 -0.0716557363955973 0.106315414170044 -156.514453480095 2.88232509230423 0 9.40597379793464
47.6785714285714 47.6663162437208 -0.0690373410697447 0.10627211875951 -156.514331496227 -1.94438111434735 0 9.40980580487874
48.5714285714286 48.5530040997891 -0.0665388427596349 0.10625599526159 -156.5142122776 3.06433544055605 0 9.41123366769203
48.5714285714286 48.5879822263794 -0.066445347863003 0.106258545464189 -156.514208672549 2.25985597190394 0 9.41100779830474
48.9130434782609 48.8804616529001 -0.0656548996212288 0.106290691403669 -156.514154049427 17.6928554170714 0 9.40816158775574
49.4642857142857 49.4164572832785 -0.0642373144308435 0.106258035737602 -156.5140765776 1.0686592790231 0 9.41105294351047
50.3571428571429 50.3475470810243 -0.061879567363805 0.106250272420346 -156.513959643146 -6.78925588782241 0 9.41174057459174
51.25 51.3011978164925 -0.0596068893183278 0.106215120868608 -156.513842208909 0.199080049492936 0 9.41485535978476
52.1428571428572 52.1481570038247 -0.0576847330241711 0.106203653605667 -156.513712892941 1.20746645593901 0 9.41587192200551
53.0357142857143 53.0390089964665 -0.0557631803689241 0.10617832861562 -156.51359024282 2.66039869961048 0 9.41811773681369
53.9285714285714 53.9231781969925 -0.0539476576526711 0.106178260161477 -156.513463210481 0.447107946428059 0 9.41812380876452
54.8214285714286 54.8107239097083 -0.0522154022403013 0.106151225837823 -156.513340999363 -3.24675711018306 0 9.42052239253267
55.7142857142857 55.7153480342797 -0.0505329343385653 0.106136803857588 -156.513215133233 0.890832036328546 0 9.42180246299653
56.6071428571429 56.5917249045578 -0.0489777329879361 0.106134807764138 -156.51308907336 -0.548597908377605 0 9.42197966026644
57.5 57.5210244502459 -0.0474125778589686 0.106097366847473 -156.512967188567 -0.169579500875393 0 9.4253046019287
58.3928571428572 58.4344231201217 -0.0459423974155632 0.106075162694648 -156.512847010505 3.90425573330907 0 9.42727755109491
59.2857142857143 59.350431243255 -0.0445312945401806 0.106097938338917 -156.512727547355 -3.13405239253148 0 9.42525383297855
60.1785714285714 60.1517712762829 -0.0433497961557265 0.106045475769959 -156.512599142297 3.84419440395814 0 9.42991667244033
60.8695652173913 60.8123966811058 -0.0424122518055446 0.106031798708603 -156.512499094652 -17.8195276980394 0 9.43113303913863
61.0714285714286 61.0757840431941 -0.0420560551067857 0.106017743416133 -156.512473496222 3.37480993441049 0 9.43238337072384
61.9642857142857 61.9519781363008 -0.0408715876767035 0.10602333639805 -156.512344598877 -7.76995842887916 0 9.43188579017771
62.8571428571429 62.8624103185332 -0.0396952537381367 0.105983475015716 -156.51222460613 0.194871921410866 0 9.4354332111842
63.75 63.7681683975483 -0.038579297391092 0.105988425670091 -156.512090900801 -3.68406029913065 0 9.43499248788436
64.6428571428572 64.6459500876188 -0.0375379136109579 0.105962109504162 -156.511977052978 -3.52642891727737 0 9.43733571065532
65.5357142857143 65.5492671104361 -0.0365092630875118 0.105929622205843 -156.511843889563 -2.40328757707697 0 9.44023002420222
66.4285714285714 66.4494834291628 -0.0355272221680272 0.105910637206218 -156.511726930734 -0.0713565046650135 0 9.44192223159708
67.3214285714286 67.294444073667 -0.0346395180660401 0.10592435001754 -156.51160074995 8.66753588244595 0 9.44069989416422
68.2142857142857 68.2222652509128 -0.0337002131128384 0.105889102991264 -156.511477898522 6.34634438493201 0 9.44384239502433
69.1071428571429 69.1109506461313 -0.032841360169585 0.105877360807313 -156.511348690106 -2.70022614316519 0 9.44488975145409
70 69.9881979363182 -0.0320255283705917 0.10585414176169 -156.511225067356 -2.10981052403335 0 9.44696148263433
72.8260869565217 72.7195693268801 -0.0296655352156442 0.105845476555734 -156.510826412767 31.725205163265 0 9.44773487295355
84.7826086956522 84.8716202975093 -0.0217788087079034 0.105598843502954 -156.509110527676 -21.5340370949142 0 9.46980067989126
96.7391304347826 96.7427003345605 -0.0167560517717598 0.10535585600506 -156.507419462667 8.74659013888099 0 9.49164135643274
108.695652173913 108.76329987672 -0.013259406773721 0.105138484858029 -156.505677621299 12.7382564075532 0 9.51126508385892
120 119.911316490384 -0.0109089983150716 0.104932502268531 -156.504015281571 -4.96366570225533 0 9.52993570515374
120.652173913043 120.775684787167 -0.0107505266899834 0.1048774925504 -156.503944700322 -19.356224813855 0 9.53493429030485
121 120.931347142629 -0.0107249750654578 0.104915282427285 -156.503867199124 14.0175112867402 0 9.53149986221585
122 122.061402729814 -0.0105289537866626 0.104864856963856 -156.503727603982 -29.1712412452254 0 9.53608319271987
123 122.90502111374 -0.010382913573997 0.104866331276589 -156.503587452014 -56.2574355768799 0 9.53594912520077
124 123.892835551662 -0.0102191098234975 0.104847482265779 -156.503419850575 38.1505670938497 0 9.53766345542843
125 125.003508533852 -0.0100381502110905 0.104821599908186 -156.503289419894 25.0549810726466 0 9.54001847783192
126 125.853043275778 -0.00990249992240737 0.104817098434832 -156.503109504331 -18.0742651980262 0 9.54042818330572
127 127.165666260323 -0.00969825459113522 0.104767452250221 -156.502967082249 35.5141638119999 0 9.54494910892416
128 127.963357411554 -0.00957904989908103 0.104770503835796 -156.502856737198 -1.22187477796656 0 9.54467109910315
129 128.898835561432 -0.00944068030951314 0.104721243713198 -156.502669931006 -1.62486838661147 0 9.54916084398993
132.608695652174 132.726415949175 -0.00890415969720753 0.104712740264742 -156.502157323708 -25.5097590282244 0 9.5499363064297
144 143.963731331034 -0.00757050745605057 0.104549364823808 -156.500422240714 1.57110673936108 0 9.56485964008724
148 148.252128142557 -0.00713634947760097 0.104506536947542 -156.499781804803 -56.6110477051136 0 9.56877942000851
