#T/K Taveraged/K integrand/(eV K^2) rho/A^-3 potentialEnergy/(eV) P/bar Ptarget/bar v/A^3
20 19.9934872959938 -0.392149611229542 0.115085594305634 -156.522004000073 1.37616249863053 0 8.68918482833121
20.8928571428571 20.8860413281039 -0.359368410395719 0.11506197024122 -156.521881940594 1.00706581435895 0 8.69096885707388
21.7857142857143 21.7946900909856 -0.329987634932831 0.115042489706385 -156.521762566407 0.136739329616837 0 8.69244052829725
22.6785714285714 22.677931597243 -0.304804684321357 0.115019497241296 -156.521643052725 -2.57787454109132 0 8.69417815226693
23.5714285714286 23.5719289284803 -0.282128735801931 0.114995789985507 -156.521520630404 -0.809441144154091 0 8.69597052314722
24.4642857142857 24.4571692242562 -0.262075494557966 0.114969181158422 -156.521398921932 -1.02210797143767 0 8.69798314577929
25 24.9895645301831 -0.251008556675781 0.114948735545606 -156.52132664776 1.37830322380044 0 8.69953023192017
25 24.9992815724501 -0.250805083888244 0.114948280726616 -156.521326291584 -40.2001747730128 0 8.69956465358822
25 25.0025582077684 -0.25074201976861 0.1149456304577 -156.521329975879 16.7125530024715 0 8.69976523699175
25.3571428571429 25.3503199137041 -0.243945633720391 0.114935344412817 -156.521280181022 1.6577441457425 0 8.70054381538427
25.5 25.5082570534449 -0.240922504449318 0.114959641452661 -156.521257827857 31.2032892173358 0 8.69870493125872
25.75 25.7254626866804 -0.236873805086026 0.114938932570899 -156.521226607959 0.0644911034859451 0 8.70027220222496
26 25.9959574455904 -0.231941219002111 0.114887369938758 -156.521194698355 -29.4600887673492 0 8.70417697378796
26.25 26.2540386297084 -0.227419983237702 0.114915897063994 -156.521158793134 -0.187412674385884 0 8.70201621837514
26.5 26.4813857104534 -0.223530678228343 0.114907666245495 -156.521122110768 1.43762302869532 0 8.7026395424614
26.5 26.522873160229 -0.222845464857003 0.114924792095105 -156.521120096688 -4.1851467512539 0 8.70134269351087
27 26.9829108251644 -0.215327907980243 0.114899675879588 -156.521054296405 4.1186099027206 0 8.70324474237838
27.1428571428571 27.1418151787507 -0.212790401407479 0.114901031204792 -156.521037899611 -0.0773381547529598 0 8.70314208249065
27.25 27.2416217923217 -0.211247441542558 0.114894438217048 -156.521022439227 2.28445114627201 0 8.70364149490762
27.5 27.5116378894722 -0.20709807284933 0.114894645905359 -156.520991258127 12.6057336274745 0 8.70362576184548
28 27.9986668497588 -0.199984555459932 0.114874386735079 -156.520922661834 3.11762803671435 0 8.70516072748384
28 28.0307893600796 -0.199528155029031 0.114880841244515 -156.520919837251 18.27357793699 0 8.70467163338037
28.0357142857143 28.0341291185583 -0.199451336976815 0.11486602692357 -156.520917330971 -1.676035914534 0 8.70579427862847
28.0357142857143 28.038386739923 -0.199405149640669 0.114864188465196 -156.520917842876 2.33315217321999 0 8.70593361918894
28.5 28.506331775194 -0.192912986341804 0.114869638010207 -156.52085278959 -6.76293368883009 0 8.70552059989206
28.75 28.7551260546979 -0.189589874703594 0.114857515334541 -156.520818040592 -0.0874835597457603 0 8.70643942703562
28.9285714285714 28.9364535825705 -0.187218122555658 0.114847189756956 -156.520797079054 -0.753036759021187 0 8.70722219774148
29 28.9728034738484 -0.186735472236998 0.114857747602901 -156.520781672366 11.6064987596903 0 8.70642182064471
29.5 29.5054360227242 -0.180055659589536 0.114838239605827 -156.520718034768 -1.59549856864908 0 8.70790081276429
29.8214285714286 29.8205171818025 -0.17628057081142 0.11482251878026 -156.520674796728 -3.2541480078049 0 8.70909304745123
30.25 30.2632673821736 -0.171154082148892 0.11482700842509 -156.52061595711 -0.120531640438573 0 8.70875252883009
30.7142857142857 30.6990387960759 -0.166332855075713 0.114790188258707 -156.520552417563 -1.41502585435613 0 8.71154595326787
31 31.0121324549066 -0.163003639981908 0.114794038885384 -156.520514308187 -2.01000086485969 0 8.71125373503454
31.6071428571429 31.5909385293419 -0.157079809266635 0.114787028475014 -156.52042910127 1.89611335742101 0 8.7117857591171
31.75 31.7447061051984 -0.155555145058821 0.114763827569817 -156.520411300033 3.58157237592768 0 8.71354695268983
32.5 32.4839848241318 -0.14854945483749 0.114741914812628 -156.520312333684 0.189080335891084 0 8.71521101624444
32.5 32.5082668675816 -0.14833600296668 0.114762126997509 -156.520309190555 -0.92823426420348 0 8.71367607208694
33.25 33.260904016914 -0.141693740327435 0.114734736622888 -156.520210818586 -0.368324616617493 0 8.715756269061
33.3928571428572 33.3987258423126 -0.140532400803022 0.114727481728322 -156.520189192324 1.63174469383266 0 8.71630741767721
34 34.0051215390114 -0.135560412782178 0.114717078912749 -156.520106447943 -1.90065876367391 0 8.71709783301379
34.2857142857143 34.2673340290374 -0.133500669234308 0.114697293176773 -156.520067076801 -1.37259852882306 0 8.71860156681103
34.75 34.7568044815392 -0.129755823487749 0.114699796022596 -156.520002589308 1.71171233029082 0 8.71841131960691
35.1785714285714 35.181292864275 -0.126648581224962 0.114678897144926 -156.519946462178 -1.10317714164883 0 8.72000014733526
35.5 35.4907648401821 -0.1244433388782 0.11468057799778 -156.519899773394 2.93584742170903 0 8.71987233984254
36.0714285714286 36.0828655060813 -0.120402562201262 0.114658796231326 -156.519825030478 -5.2620066772004 0 8.72152885664775
36.25 36.2291211013198 -0.119422192796698 0.114665729000538 -156.519796930364 2.67048432385611 0 8.72100154698627
36.9642857142857 36.959082232584 -0.114755698722212 0.114625249262674 -156.519703504551 0.407248675502021 0 8.72408135583119
37 36.9973981061298 -0.114530104121024 0.11464161915053 -156.519693950025 1.83038126834112 0 8.72283562819319
37.25 37.253078843316 -0.112964449797507 0.114626614260643 -156.519663686733 -7.30160909810363 0 8.72397746762509
37.75 37.7583663876294 -0.109956767047819 0.114643677728407 -156.519595404288 -0.253798862383628 0 8.7226789982176
37.8571428571429 37.8908387243532 -0.109188102186379 0.114615273066582 -156.519581671284 1.44062779674203 0 8.72484070616908
38.5 38.4945787713863 -0.10577964853234 0.114589413026752 -156.519489650642 -4.38121319285097 0 8.72680969023323
38.75 38.7468594118797 -0.104409919158606 0.114588118263179 -156.519459235832 -0.805333174011395 0 8.72690829692533
39.6428571428572 39.6563992349654 -0.0996720590379736 0.114567412912179 -156.519335511882 6.94019647478421 0 8.72848547925706
40.5357142857143 40.5454350582936 -0.0953557262449153 0.114559713902536 -156.519214070482 2.53390504229853 0 8.72907207895762
41.4285714285714 41.4348325541838 -0.0913038017663704 0.114508492188172 -156.519094155176 1.66264318958521 0 8.73297675037668
42.3214285714286 42.3222193342389 -0.0875133940871404 0.114505749066276 -156.51897212317 -4.1145954569028 0 8.73318595925872
43.2142857142857 43.1913254977276 -0.0840287930631654 0.114475559313363 -156.518844052086 2.45089450758735 0 8.73548909477365
44.1071428571429 44.0933450113347 -0.0806239060775356 0.114449573439477 -156.518723014073 1.10112255775224 0 8.73747249507069
44.1071428571429 44.110973054132 -0.0805644023951123 0.114434567692765 -156.51872726918 -2.69826871824329 0 8.738618235399
45 45.0346514590681 -0.0772897546083708 0.114414439604113 -156.51860618863 1.81452352553263 0 8.74015555606544
45.8928571428572 45.8798469014944 -0.0744715966238645 0.114385625901603 -156.518478864442 -3.9727055295115 0 8.74235719844921
46.7857142857143 46.7645191611599 -0.0716781269928415 0.114373456389845 -156.518355282805 1.60957214442931 0 8.74328739870792
47.6785714285715 47.6760053537127 -0.0689632607138862 0.114358052076621 -156.518236778421 0.820542333263689 0 8.744465141204
48.5714285714286 48.5911687672706 -0.0663882989930911 0.114331634545622 -156.518116400965 -8.92123154026003 0 8.74648564217779
49.4642857142858 49.453148517129 -0.0640940696294419 0.11431702511829 -156.517986278532 -0.797329711247181 0 8.74760342097115
49.5 49.525838006564 -0.0639175569653727 0.114312822698748 -156.517989296859 -18.2142939748246 0 8.7479250043132
50.3571428571429 50.3727258744736 -0.0617756900150281 0.114271678355896 -156.51786809701 -4.9713934530806 0 8.75107475787241
51.25 51.2492537784002 -0.0596804084226749 0.114238846295882 -156.517747354751 -1.35178270784461 0 8.75358980263132
52.1428571428572 52.1185582365763 -0.0577033810468467 0.114215249995883 -156.517616526951 6.14168102089988 0 8.75539825054924
53.0357142857143 53.0054595436109 -0.0557907740664612 0.114201452295652 -156.517499429113 2.88317021701072 0 8.75645606862458
61.75 61.6964273374324 -0.0411784861120357 0.113954521048458 -156.516284829502 -6.75351916119197 0 8.77543067882986
74 74.0048914515767 -0.0286185175478284 0.113622839529174 -156.514591845199 -12.9132958891807 0 8.80104743151783
86.25 86.146264600472 -0.0211199012071145 0.113302219459379 -156.512861174051 6.48573961146514 0 8.82595243739707
98.5 98.4938294709796 -0.0161583245221466 0.112992029552629 -156.511130615098 -3.54679840584396 0 8.85018176909746
110.75 110.771108791336 -0.0127762018261244 0.112639073867246 -156.509376553618 -8.18664444362842 0 8.87791390382507
123 123.111374378417 -0.0103414540042903 0.112243417263425 -156.507584505199 77.3825245077859 0 8.90920843627823
135.25 135.277701068628 -0.00856398119477764 0.111901550818603 -156.505807087386 91.1130728021746 0 8.9364266418527
147.5 147.473709210552 -0.00720550559743726 0.111542768899914 -156.503996189745 41.5885342584282 0 8.96517102688468
150 149.982076939643 -0.00696794017294291 0.111438596171182 -156.503620740787 -33.3445077468392 0 8.9735516630512
156 156.062970025244 -0.00643480177598034 0.111276314954097 -156.502703501193 -16.1060257326744 0 8.98663835527367
159.75 159.603763673493 -0.00615300522305966 0.111173702302783 -156.502139379719 18.7038653661435 0 8.99493296783881
160 160.122052078489 -0.00611257000069443 0.111121601031907 -156.502096150646 19.6649303696401 0 8.99915039662602
162 162.225366621795 -0.00595494770652771 0.11106279231557 -156.501801763425 -21.1421882723935 0 9.00391552517999
167.857142857143 168.104686802214 -0.00554550190496826 0.1108454206265 -156.500916767652 -26.0389098428926 0 9.02157251375818
168 168.087159724436 -0.00554644050926465 0.110886361223345 -156.500893919291 -4.19418460000449 0 9.01824163916629
172 172.176379608346 -0.00528688539202376 0.110737113626952 -156.500289290672 -33.7712292459369 0 9.03039610883096
174 174.094347003504 -0.0051707590717441 0.110723017337134 -156.499951861111 13.046508966608 0 9.03154578018013
175.714285714286 175.671269196401 -0.00507812533206116 0.110585043209398 -156.499612794482 -35.4572048208782 0 9.04281420866704
180 180.019713812115 -0.00483533518307895 0.110548770357333 -156.499054716575 53.2445800082411 0 9.04578130328939
183.571428571429 183.51181054115 -0.00465269648606388 0.110452228653554 -156.49851038471 19.8173976503744 0 9.05368784487468
184.25 184.366198209839 -0.00461024811439529 0.110166425212939 -156.49819042932 52.8453411015978 0 9.07717571907333
186 185.951142982065 -0.00453229251580674 0.11029366527887 -156.498127255524 -4.48700081595109 0 9.06670385349482
191.428571428571 191.278248174578 -0.00428323528569556 0.110137836618706 -156.497275351251 -10.3130150270538 0 9.07953189113359
192 191.769430774274 -0.00426078959591589 0.11008036855573 -156.497155892367 18.4648983935164 0 9.08427191078794
198 198.416838329004 -0.00398052398488341 0.109860004797714 -156.496185377701 21.5135830308786 0 9.10249368586239
199.285714285714 199.003500207344 -0.00395745934415675 0.109848871857476 -156.495969523267 -52.6890066079442 0 9.10341620346776
204 203.969087439268 -0.00376729411527838 0.10970424421869 -156.49522359288 18.4025408966563 0 9.11541761325616
207.142857142857 207.475783106007 -0.00364052055624518 0.10943721424809 -156.494625975561 -40.7939681884339 0 9.13765949609277
210 209.998164568653 -0.00355351128070824 0.109413143238852 -156.494183017709 -72.2699067598914 0 9.13966979101376
215 214.99029938152 -0.00339044809602501 0.10911097504369 -156.493277588272 -59.4668918963271 0 9.16498087932571
216 216.01805786626 -0.0033583978329537 0.1088518469537 -156.492945863075 16.4197551633835 0 9.18679864408131
222 222.061442123442 -0.00317795074859704 0.108466998495198 -156.491766754316 16.0638575863204 0 9.21939404494791
222.857142857143 222.635249334287 -0.00316208964591627 0.108805025828833 -156.491906439071 9.57043132380153 0 9.190751919614
228 227.97519307108 -0.0030149520769447 0.108584532863467 -156.490989537819 17.0359629230153 0 9.20941476312639
230.714285714286 230.504554903231 -0.00294928726883712 0.108400644151716 -156.490411836575 -3.62996865278567 0 9.2250374324383
234 233.858066508331 -0.00286507803850516 0.108283268548386 -156.48985056791 29.455618625854 0 9.2350370782643
240 239.705744535521 -0.00272706354314456 0.107909076816743 -156.488646849642 15.8097130641249 0 9.26706102488722
