#T/K Taveraged/K integrand/(eV K^2) rho/A^-3 potentialEnergy/(eV) P/bar Ptarget/bar v/A^3
20 20.0065996230923 -0.391406627625819 0.129351490154448 -156.518836217559 1.84875470598287 0 7.73087344263277
22.0092592592593 21.9947067050611 -0.323862921938675 0.129313793970712 -156.51857059918 27.105827422974 0 7.73312706474677
24.0185185185185 24.0526097190672 -0.270827916064723 0.1292674716543 -156.518297831444 0.60425399097303 0 7.73589819002804
24.7 24.7014801904084 -0.256782105480632 0.12927165602601 -156.518204744951 3.83132938802978 0 7.73564778808743
24.7 24.7030129282438 -0.256722476895297 0.129132840283462 -156.518344423315 -3.89539999977148 0 7.74396348601087
25 25.0020979375407 -0.250639104925958 0.1291259768745 -156.518302271917 -6.11195248565345 0 7.74437509945748
25 25.0141645811164 -0.250405700524081 0.129285842033198 -156.518159175328 0.488009945771344 0 7.73479898706327
25.4495391705069 25.4146200105928 -0.242565050887908 0.129150532124321 -156.518231119147 0.759544458739824 0 7.74290266986585
25.4495391705069 25.4759838315675 -0.241399772744851 0.129237633652553 -156.51810638161 -2.90728810109778 0 7.73768423126994
26.0277777777778 25.9978284960786 -0.231788220705899 0.129228933776391 -156.518025459434 1.09319243519182 0 7.7382051432099
26.1990783410138 26.2103206733955 -0.228061354834769 0.12921660757348 -156.518003439907 -9.08393918138758 0 7.73894330441495
26.1990783410138 26.2183020282295 -0.227927143055753 0.129143665026685 -156.51812129273 -5.18230695205984 0 7.74331439171539
26.9486175115207 26.9118483918588 -0.216371540245012 0.129122214443604 -156.518014963209 -15.0157635475489 0 7.74460075912626
26.9486175115207 26.9173778619053 -0.216238417936033 0.129222130178133 -156.517905969088 16.2953798638793 0 7.73861256289074
27.6981566820277 27.6784921559756 -0.20450271667186 0.129162866470893 -156.517807735335 -20.0940496918705 0 7.74216326505379
27.6981566820277 27.6804829008265 -0.204473114737627 0.129104829713692 -156.517911833365 -24.5962544965817 0 7.74564361548394
28.037037037037 28.048972182026 -0.199142048059305 0.129181000063804 -156.517755457862 -11.4301142972731 0 7.7410764702711
28.4476958525346 28.4061912353932 -0.194178196869059 0.129187817438016 -156.517699237967 9.00131484473626 0 7.74066796569112
28.4476958525346 28.4547453246982 -0.193511977388171 0.129129065866897 -156.51781044456 -0.562254699251166 0 7.74418984050248
29.1972350230415 29.1295039098764 -0.184639369437688 0.129109087464479 -156.517710426236 -4.09997834720865 0 7.7453881801707
29.1972350230415 29.1676869248687 -0.184157379515566 0.129157236075765 -156.517604351631 5.62992687325429 0 7.74250077179873
29.9467741935484 29.9438005919937 -0.174748244105268 0.12913117509876 -156.517498068885 -18.8685354980171 0 7.74406334671079
29.9467741935484 29.9741846034395 -0.174395049482254 0.129093468829687 -156.517606364379 -10.4318728997409 0 7.74632527164715
30.0462962962963 30.0704190401544 -0.173284191377665 0.12915500434491 -156.517486531505 9.13242513722878 0 7.7426345581584
30.6963133640553 30.6408955320962 -0.166873916213202 0.129093507438658 -156.517505406857 7.22614713776729 0 7.74632295489511
30.6963133640553 30.7617512253178 -0.165568957357995 0.129123167997218 -156.51739631944 27.4370289916933 0 7.74454356650811
31.4458525345622 31.4054368931332 -0.158846517616054 0.129101878325422 -156.517294692998 1.86171697950847 0 7.74582068805642
31.4458525345622 31.4558162040807 -0.158341046757368 0.129060235085699 -156.517404786762 4.82896117605682 0 7.7483199944272
32.0555555555556 32.0101312025664 -0.152887042190062 0.129096745675121 -156.517217026875 -18.7872805336044 0 7.74612864770858
32.1953917050691 32.1831737227954 -0.151248683126655 0.129095671364611 -156.517195099336 0.029148918592157 0 7.74619310957106
32.1953917050691 32.2027235591301 -0.151087803923617 0.129053273385549 -156.51730439448 11.2046922795839 0 7.74873797282524
32.944930875576 32.9745550224246 -0.144097026690532 0.129071242588418 -156.517095314361 -8.37402994954144 0 7.74765919925942
32.944930875576 32.9748471249646 -0.144090060109782 0.129027972543088 -156.517203523839 2.46267922385699 0 7.75025740768001
33.6944700460829 33.5772686999208 -0.13896530526719 0.129010604860521 -156.51710436009 -0.567917852206523 0 7.75130076384919
33.6944700460829 33.7144219957254 -0.137854232144962 0.12905948569747 -156.516997528077 4.31454775796038 0 7.74836498530694
34.0648148148148 34.0394069217354 -0.135217691590152 0.129063278692604 -156.516943130029 3.28080558431346 0 7.74813727134382
34.4440092165899 34.430369851826 -0.132148187592999 0.128994123090199 -156.517001954914 4.16779255330689 0 7.75229115903794
35.1935483870968 35.2017581937227 -0.126427930319735 0.128979085843268 -156.516900686681 -2.83879141165247 0 7.7531949731383
35.9430875576037 35.9837441358232 -0.121012001557246 0.128973964784629 -156.516797808079 -4.25280786596375 0 7.75350282260359
36.0740740740741 36.1074069160159 -0.120176991685021 0.129018393408008 -156.516668278964 -1.02493954314061 0 7.75083283542059
36.6926267281106 36.7309850286446 -0.116125271305327 0.128958097009896 -156.516688111025 -2.94442388280968 0 7.75445685991524
37.4421658986175 37.4300073240112 -0.11183164764336 0.128935632503127 -156.516599728157 -2.43352543905345 0 7.75580792203229
38.0833333333333 38.0532640578314 -0.10819694414236 0.12896087003434 -156.516399628957 -1.56689303486771 0 7.7542901171008
38.1917050691244 38.1884763097375 -0.107419746566951 0.128913270998704 -156.516496768537 -5.92849569658962 0 7.75715325701457
40.0925925925926 40.0745104994235 -0.097559326889845 0.128889751418439 -156.516226146138 3.47128284635329 0 7.75856876900562
40.0925925925926 40.0927991454562 -0.0974700555326141 0.128909413377734 -156.516130837294 1.05013301306327 0 7.75738539023349
42.1018518518519 42.0788823504965 -0.0884872941155281 0.128877042945937 -156.515853345677 -0.660936973473508 0 7.75933383589108
42.1018518518519 42.0842443766452 -0.0884632424651661 0.128832956982523 -156.515954278648 1.54638650433783 0 7.76198903930816
44.1111111111111 44.0769466522994 -0.0806441252753766 0.128785426399675 -156.515693578189 -0.457766950692694 0 7.76485374126561
44.1111111111111 44.1151585533087 -0.0805042803577867 0.128833699466538 -156.515575435298 4.89235182932006 0 7.76194430603718
45.3125 45.341219660149 -0.0762073024059351 0.128822231809506 -156.515408874056 -2.32909048727921 0 7.76263526841188
45.3125 45.4320697365969 -0.0759010605238212 0.128684717777366 -156.515544652162 -1.0209914622121 0 7.77093051352122
46.1203703703704 46.1216694419949 -0.0736481245129614 0.128779338123276 -156.515306311317 1.40744896575517 0 7.76522083878653
46.1203703703704 46.1773403708515 -0.0734721654791627 0.128724822780367 -156.515422782661 -4.8772298258869 0 7.76850943276281
48.1296296296296 48.0924888664708 -0.0677370136783107 0.128746462504276 -156.515032731097 -0.460956649331533 0 7.7672037005816
48.1296296296296 48.1701460616497 -0.0675200201466511 0.128691334445235 -156.515142125797 -10.6412112768707 0 7.77053097095325
50.1388888888889 50.0850854214678 -0.062457173314551 0.128631347314005 -156.514877807196 -8.12080130392921 0 7.77415475217623
50.1388888888889 50.1535998911206 -0.0622833061261369 0.128722543329067 -156.514748377917 15.5944183997949 0 7.76864699948937
52.1481481481481 52.152726026431 -0.0576082362459609 0.128591021810841 -156.514597293901 -17.9809009518716 0 7.77659268833726
52.1481481481481 52.2128871741244 -0.0574734651390078 0.128669687298651 -156.514480809693 -17.7390357254585 0 7.77183827049282
54.1574074074074 54.1078093457225 -0.0535202191106303 0.128580891755779 -156.514311129748 13.2875232258026 0 7.77720535567105
54.1574074074074 54.1348134686828 -0.053461100475173 0.128618017612715 -156.514207658161 -2.2283076990453 0 7.77496044925158
56.1666666666667 56.0978030239028 -0.0497859614502002 0.128541755956544 -156.514045538972 -1.64391428029829 0 7.7795732021746
56.1666666666667 56.1442082154728 -0.0497010430965513 0.128572134606013 -156.513933237569 6.52377888909858 0 7.77773506727817
58.1759259259259 58.1441936543759 -0.0463421829071134 0.128516907275817 -156.51365853315 -3.1840619769081 0 7.78107737882178
58.1759259259259 58.1753458382516 -0.0462852341298227 0.128455817092819 -156.513777861273 -4.01116522842294 0 7.78477785305296
60.1851851851852 60.1479967104285 -0.0433074035111718 0.128471928569682 -156.513391317468 1.79394796292103 0 7.78380157543605
60.1851851851852 60.2234457370871 -0.0431994305742418 0.128400853507854 -156.513501865007 3.25985761465579 0 7.78811022419595
62.1944444444444 62.1865566330638 -0.040510630476993 0.128398081165385 -156.513211447764 0.021506938335522 0 7.78827838331896
62.1944444444444 62.310710555191 -0.0403505922651069 0.128426918783063 -156.513103782808 -1.43961134281681 0 7.78652956464046
64.2037037037037 64.2029705392369 -0.0380038667018141 0.128345012501185 -156.5129379471 -0.781614095607765 0 7.79149871515862
64.2037037037037 64.2493227687288 -0.0379515605358125 0.128388672492606 -156.512824728263 3.74972632407014 0 7.78884912964256
65.625 65.6179248820205 -0.0363897111474683 0.128342313152835 -156.512637387915 -0.00319271004222598 0 7.7916625891662
65.625 65.652505173694 -0.0363483658105603 0.128263427218128 -156.512755572318 2.9084162952203 0 7.79645470021144
66.212962962963 66.1921780270239 -0.035756853225258 0.128345057764809 -156.512546730934 5.57990300528461 0 7.79149596732027
66.212962962963 66.2396350428155 -0.0357079602579056 0.128258956097906 -156.512669799556 0.764020804137306 0 7.79672648541324
68.2222222222222 68.2265454188622 -0.0336566397528497 0.128228844028693 -156.512397910218 -3.52887026224751 0 7.79855739615212
68.2222222222222 68.2791937044464 -0.0336082645826038 0.12829020137957 -156.512271507176 6.06153437004822 0 7.79482758033344
70.2314814814815 70.2083086217176 -0.0317826964440266 0.128186222402545 -156.512120222223 -1.12786449677629 0 7.80115039867298
70.2314814814815 70.2276536037905 -0.0317667510200205 0.128246294353991 -156.512000194678 -1.58623907127008 0 7.79749625544546
72.2407407407407 72.2262218506566 -0.0300324079263625 0.128198132043614 -156.51172324225 6.83960938065708 0 7.80042566969533
72.2407407407407 72.2753782301764 -0.0299894977940832 0.128144487592548 -156.511831464273 -5.68302078221806 0 7.80369112075763
74.25 74.2005744203013 -0.0284520494894791 0.128165081277538 -156.511444960089 -3.27242840730218 0 7.80243721637819
74.25 74.2413773166581 -0.0284222743011718 0.12809017341605 -156.511561879165 -0.342594764514452 0 7.80700012601198
85.9375 85.9542362321327 -0.0212040969608672 0.127828826656011 -156.509938440492 7.13294291573585 0 7.8229615819835
85.9375 85.9603714212732 -0.0212014081622126 0.127871788977184 -156.509832212082 4.63713598351239 0 7.82033322595048
96.828125 96.804300358834 -0.0167175309972479 0.12761870624621 -156.508315528547 -11.6057519931405 0 7.83584185590107
98.8125 99.0390796491056 -0.0159718238452543 0.127556451174387 -156.508028182075 -16.2818455490309 0 7.83966620890751
100.796875 100.956988545619 -0.0153704095749725 0.127503884311979 -156.507752154457 -4.22734910919793 0 7.84289831949891
102.78125 102.837014130224 -0.0148117280556426 0.127380475168174 -156.507474010223 6.70667006101655 0 7.85049670037539
104.765625 104.484638485395 -0.0143497245028824 0.127412736603417 -156.50719635046 1.03083185944305 0 7.84850892193446
106.25 106.077469213348 -0.0139221098938731 0.127434178617905 -156.506981613957 12.9958285317835 0 7.84718833554357
106.25 106.374317931702 -0.0138428216370405 0.127329952505852 -156.507097666534 4.28945531302263 0 7.85361166261367
106.75 106.955449179847 -0.0136939392535402 0.127393681432432 -156.50691468177 6.56489018343296 0 7.84968287874142
108.734375 108.611516623706 -0.0132797046088259 0.127352799822307 -156.506635653083 -3.9039322215709 0 7.85220271085742
110.71875 110.635480455351 -0.0127985992643012 0.12728978747705 -156.506355078424 -0.84510894432153 0 7.85608979180906
112.703125 112.573045741567 -0.0123612307464783 0.127193802056187 -156.506064235512 11.8130967343792 0 7.86201830462037
114.6875 114.597819144064 -0.0119281003551083 0.12719366501005 -156.505800152504 -6.24151207835043 0 7.86202677563373
116.671875 116.699758637947 -0.0115034671157779 0.127134621294215 -156.505522839171 -8.63440470890721 0 7.86567804914286
118.65625 118.622268220281 -0.0111320432909392 0.127065954579636 -156.505219096087 3.23848047355697 0 7.86992867844288
120.640625 120.648479937439 -0.0107620102960795 0.127042336996775 -156.50495636828 22.248112353924 0 7.87139172373209
122.625 122.843159391397 -0.0103819625586708 0.126977840299675 -156.504686677665 -15.2908553203335 0 7.8753898919681
124.609375 124.730105579417 -0.0100683545939557 0.12694831528424 -156.504383463358 -21.9081918386962 0 7.87722151145511
126.5625 126.60606806993 -0.00977309213109493 0.126894688874234 -156.50410116499 34.5855215978454 0 7.88055046961896
126.5625 126.662227456752 -0.00976341844657329 0.126751206876066 -156.504209529527 20.607741829318 0 7.8894712298698
126.59375 126.747066951168 -0.00975162292939969 0.126835998859196 -156.504099801551 -18.0359114369852 0 7.88419698661516
128.578125 128.532882776413 -0.0094824227569135 0.126838543958898 -156.503819418872 2.17093354175586 0 7.88403878496151
130.5625 130.569366927895 -0.00918856869370746 0.126767478339743 -156.503531232721 -72.7336871176548 0 7.8884585628496
132.546875 132.659092416303 -0.0089011292560195 0.126748746499601 -156.503270072768 21.1731424953799 0 7.88962437591562
134.53125 134.463969906522 -0.00866372902133877 0.126684840335362 -156.502966058637 33.1669581173468 0 7.89360429671608
136.515625 136.772976950753 -0.00837359686758087 0.126657846984697 -156.502674282089 132.696949000563 0 7.89528658355308
138.5 138.606984842259 -0.00815378756217773 0.126542803620506 -156.502374918331 4.39993033592881 0 7.9024643945691
140.484375 140.557234690043 -0.00792914118921514 0.126416152777697 -156.502105945361 -34.5343847105438 0 7.91038152979156
142.46875 142.440622205923 -0.00772141679507959 0.126457728378205 -156.501832968463 -19.978745434312 0 7.90778082782921
144.453125 144.497998118462 -0.00750301044461556 0.126423526248586 -156.501525119779 39.7919160540251 0 7.90992016813153
146.4375 146.461311821344 -0.00730257228214044 0.126306511614808 -156.501224780505 6.56671379813232 0 7.91724818629829
146.875 146.636140541711 -0.00728459247573734 0.126215840779647 -156.501280398209 74.2587417037871 0 7.92293577274379
146.875 146.78802674753 -0.00726956913152417 0.126306393203739 -156.50119146469 42.923408905111 0 7.91725560864481
148.421875 148.290517004945 -0.00712299288203504 0.126274255742989 -156.500953492132 -42.3781003646058 0 7.91927059174545
150.40625 150.453871817888 -0.00692043618452474 0.126210601497497 -156.500633647057 -3.2376213906578 0 7.92326467139003
152.390625 152.102045691659 -0.00677078613843698 0.126233750305073 -156.500387568344 -16.8407563428924 0 7.92181169919511
154.375 154.281264378795 -0.00658120351787364 0.12617846925108 -156.500095928846 134.572983684662 0 7.92528238720445
156.359375 156.281966405474 -0.00641316130186328 0.126094594547005 -156.49979387722 -201.480483674584 0 7.93055407008132
158.34375 158.582312837888 -0.00622886066837821 0.125976386774786 -156.499509613387 119.725352116818 0 7.93799556886597
160.328125 160.364499416592 -0.00609058844971706 0.125920181755481 -156.499213275574 107.819180818147 0 7.94153872761916
162.3125 162.430594211306 -0.00593710059285891 0.125913502420465 -156.498922797672 -65.5458833745946 0 7.94196000251574
164.296875 164.405619840921 -0.00579513686508103 0.125840113170921 -156.49862020983 -151.071626347395 0 7.94659170912984
166.28125 166.391051103683 -0.00565868288861642 0.125824964696152 -156.498321619214 -197.513210418452 0 7.94754842502715
167.1875 167.213372322286 -0.005601840383118 0.125754932667174 -156.498311687999 285.359667738493 0 7.95197435830705
167.1875 167.412893877726 -0.00558862637967864 0.125795951998981 -156.498212541432 25.5732039587608 0 7.94938139192351
168.265625 168.099610061703 -0.00554394807045892 0.125745754873417 -156.498033011834 -76.6669546290209 0 7.95255474832257
170.25 170.220290413611 -0.00540621174093015 0.125652107360737 -156.497767998402 -53.642507588847 0 7.95848172390043
187.5 187.62101152687 -0.00445001858652915 0.12525224983456 -156.495293741468 103.151519622714 0 7.98388852352634
187.5 187.727103067211 -0.00444460437694772 0.125144848310429 -156.495157105818 35.1755952539949 0 7.99074043798786
207.8125 207.656043516653 -0.00363218863498546 0.124577056953336 -156.492060733847 12.7750016500459 0 8.02716025290737
207.8125 208.063697520485 -0.00361803649283887 0.124662699096393 -156.492185505013 151.34824004427 0 8.02164566665423
228.125 227.93470576781 -0.00301470994863856 0.123857778758063 -156.489018024301 -120.723293498284 0 8.07377631043543
228.125 228.542363720911 -0.00299863402957784 0.123978596027457 -156.488855307279 -33.5539730526167 0 8.06590840711356
248.4375 248.272229713766 -0.00254104099972198 0.123332939271452 -156.485702917426 -10.1993543695916 0 8.10813401437736
248.4375 248.735584832292 -0.00253136277470858 0.123217819771335 -156.485707750284 -30.4876870822512 0 8.11570925257224
268.75 269.004516757835 -0.00216433822514933 0.122453837409431 -156.482222156354 -14.7482767000556 0 8.16634269007389
268.75 269.318925276353 -0.00215906191402317 0.122459809532732 -156.482293847908 127.547576558646 0 8.16594443365283
289.0625 289.181230410289 -0.00187274627876764 0.121509650654558 -156.478378518912 -66.114561418165 0 8.22979898808957
289.0625 289.323286991172 -0.00187070385623924 0.121536609950938 -156.478637200933 32.0648861883348 0 8.22797345099289
309.375 309.551461557008 -0.00163420915026514 0.12034050999033 -156.474279672537 -74.6849219098655 0 8.30975371535618
309.375 309.660957134809 -0.00163316440632745 0.120344344962454 -156.474162620315 20.1858033780572 0 8.30948891127364
325 325 0 0.12003235061721 -156.471488517329 0 0 0
