#T/K Taveraged/K integrand/(eV K^2) rho/A^-3 potentialEnergy/(eV) P/bar Ptarget/bar v/A^3
20 19.998271234751 -0.391948832557748 0.128249239369071 -156.523695411412 1.02950304913418 0 7.79731719984893
20 20.002144616372 -0.391912015959267 0.128247229544037 -156.523692874378 1.51744995694021 0 7.79743939541886
20.8928571428571 20.8810084362821 -0.359662634753687 0.128230445044226 -156.523573812951 -0.670895858632738 0 7.79846002760973
20.8928571428571 20.8954682794974 -0.359014364538631 0.128228121443738 -156.523576388416 -0.641696199721486 0 7.79860134220845
21.7857142857143 21.7843636730274 -0.330322147432959 0.128205666939864 -156.523456129182 0.37063593725499 0 7.79996722351639
21.7857142857143 21.7852021830085 -0.330416869367568 0.128217564710444 -156.523452506076 -0.529160889045381 0 7.79924343640682
22.6785714285714 22.673560964659 -0.305033561832766 0.128200086340514 -156.523333651798 -0.688352828359591 0 7.80030675910692
22.6785714285714 22.6822913755133 -0.304692057954409 0.128182796911634 -156.523339240482 -0.747006122697528 0 7.8013588725902
23.5714285714286 23.5699050407489 -0.282276922544187 0.128177697582162 -156.52321471087 0.548667039197562 0 7.80166923624917
23.5714285714286 23.5718307826137 -0.282135121311689 0.128176366280561 -156.523215623602 0.107825401889197 0 7.80175026815108
24.4642857142857 24.4509345345954 -0.262286529449327 0.128168257973935 -156.523091351984 -0.147322767243331 0 7.80224383016401
24.4642857142857 24.4580882115121 -0.262054602793661 0.128152010946086 -156.523097848637 -0.391014788811801 0 7.80323299351662
25 24.9766659163587 -0.251403277491045 0.128161250734415 -156.52302248299 23.6554925519703 0 7.80267041925391
25 24.9867442777588 -0.251054056033912 0.128161317731733 -156.523019316432 1.23167267412592 0 7.80266634034773
25 24.998488649043 -0.250842771826911 0.128164073140396 -156.523016218458 87.8996380359427 0 7.80249859026061
25 25.0043890433408 -0.250703163498186 0.128163379818896 -156.523017075615 62.8868442552984 0 7.80254079919764
25 25.0056805875695 -0.250786619257107 0.128148084185635 -156.52302254505 0.44582346692726 0 7.80347210303514
25 25.0268967306185 -0.250353216333975 0.128161594581752 -156.523016062596 3.10992473870735 0 7.80264948531141
25.3571428571429 25.3365884648017 -0.244162760003207 0.128148346671288 -156.522971707377 0.165532919763093 0 7.80345611922007
25.3571428571429 25.3470172586209 -0.243983071786142 0.128141144914668 -156.522978476504 0.824091761210089 0 7.80389468711182
25.3571428571429 25.3610928832044 -0.243811712414151 0.12814749936748 -156.522972045652 -0.653260827905704 0 7.80350771521781
25.3571428571429 25.3717358846559 -0.243600515517907 0.128135096994434 -156.522978556689 -0.367215789335758 0 7.80426302750945
25.5 25.5193919231489 -0.240692444418396 0.12814513928352 -156.522954531222 -38.7271442327925 0 7.80365143454646
25.5 25.5324993588754 -0.240569901391317 0.12814444541051 -156.522952941668 67.5013108329607 0 7.80369368954309
25.75 25.7494958581526 -0.236421066942993 0.12814139368374 -156.522919846689 1.66733195580147 0 7.80387953691263
25.75 25.7519684761599 -0.236440920329799 0.128139010345096 -156.52291855008 0.962813283810928 0 7.80402468621277
26 26.0063350626894 -0.231754631205112 0.128125261765892 -156.522894367401 108.11844891821 0 7.80486210305024
26 26.020568574999 -0.231576726249174 0.12813231346056 -156.522890773484 -52.1017932062976 0 7.8044325665579
26.25 26.2550351470777 -0.227391458887524 0.128133520495598 -156.52285137261 0.959945618919389 0 7.80435904775095
26.25 26.2615772220735 -0.22735996598595 0.128125006129033 -156.522853242658 0.879793587768528 0 7.80487767542358
26.5 26.4932517155784 -0.223326625520907 0.12812207680279 -156.522820336341 0.228391265909121 0 7.80505612267929
26.5 26.5009557797883 -0.223250458070296 0.128119128198207 -156.522818711645 0.722541531463742 0 7.80523575256421
26.5 26.5195152717041 -0.222972198336447 0.128115620486797 -156.522824112571 -24.4566596461189 0 7.80544945417533
26.5 26.5478551169189 -0.222421000243895 0.128112493968897 -156.522824079693 0.475350936030299 0 7.80563994205577
27 26.9977394320161 -0.215053911929132 0.128110995374148 -156.522754836727 -44.7731254560302 0 7.80573124952702
27 27.0145597818664 -0.214877332550887 0.128116478768445 -156.522750348604 10.4015071968342 0 7.80539716368085
27.1428571428572 27.1541284961839 -0.21266672063609 0.128104876961805 -156.52273685033 -1.10919943665268 0 7.80610405877172
27.1428571428572 27.1541365345061 -0.212595548342776 0.128102084934587 -156.522736820774 -0.219310089262571 0 7.8062741953859
27.25 27.237924552672 -0.21128498586026 0.128111401393555 -156.522720341155 -0.984384991225999 0 7.80570651107017
27.25 27.2590801541805 -0.211044392725627 0.128114838341784 -156.522715988184 -0.869155691551992 0 7.80549710668337
27.5 27.4981597966609 -0.207300034687355 0.128102215310318 -156.522689418733 7.99112766675021 0 7.80626625056856
27.5 27.5029234606715 -0.207305586436456 0.128102390705312 -156.522683613218 -4.97510729077505 0 7.80625556239937
28 27.9886535319444 -0.200121927232406 0.128091688567247 -156.522618613205 -2.15804469519383 0 7.80690777977376
28 28.0018455119635 -0.199898620284772 0.128083382540212 -156.522621257988 -0.525298122067903 0 7.80741404675232
28 28.0044251695639 -0.19994723699051 0.128092620697002 -156.522618598528 0.70580436549885 0 7.80685096892083
28.0357142857143 28.0269535457249 -0.199621484268028 0.128091246963463 -156.522613028749 -2.01616348205503 0 7.80693469464969
28.0357142857143 28.0370902013024 -0.199412256639411 0.128092804541552 -156.522613149362 -0.209619303696212 0 7.80683976417746
28.5 28.5385928097398 -0.192452567270406 0.128084346746694 -156.522552598474 17.4528262508088 0 7.80735527330011
28.75 28.7486126809925 -0.189663874259217 0.128085035844122 -156.522516127895 0.177599263897007 0 7.80731326973266
28.75 28.7572289913135 -0.189618821362852 0.12807604248782 -156.522516715065 -0.0834537547428479 0 7.80786149052893
28.9285714285715 28.9302625315206 -0.187292028905735 0.12807641655753 -156.522494652172 -0.0761444103852813 0 7.80783868629567
28.9285714285715 28.9307846893524 -0.187334361682251 0.128073175177515 -156.522493448518 0.253878009155429 0 7.80803629342333
29 29.0136454410302 -0.186220204118811 0.128067848255787 -156.522483703957 77.4457799174173 0 7.80836106500924
29.5 29.4830680126683 -0.180319842693066 0.128063822726612 -156.522419521059 43.7722031122691 0 7.80860651126105
29.5 29.493045035994 -0.180278252295626 0.128062642667718 -156.522416071903 1.64568522446346 0 7.80867846523111
29.5 29.5021018951495 -0.180093260851814 0.128064357548544 -156.522417656527 -0.741175679226082 0 7.80857390098522
29.8214285714286 29.8194529426748 -0.176289713932434 0.128057059615564 -156.522374350121 -0.595205033392908 0 7.809018909243
29.8214285714286 29.8234120037097 -0.176311379584032 0.128061189371286 -156.522374167419 -1.94023446322922 0 7.80876708165435
30.25 30.2465541795084 -0.1713299328158 0.128046411346857 -156.522317020188 1.10264775430538 0 7.80966830293404
30.25 30.2512215491309 -0.171355758915533 0.128043438683752 -156.522315616822 -3.19666099908888 0 7.80984961259787
30.7142857142858 30.6933893717806 -0.166438601940695 0.128042506832877 -156.522251519923 1.17790193363186 0 7.80990645009171
30.7142857142858 30.7187434845074 -0.166114701860692 0.128041641124744 -156.522252607565 0.131591293363187 0 7.80995925400357
30.7142857142858 30.7239881005957 -0.166058190547852 0.128042337428165 -156.522252704459 -2.30227938359735 0 7.80991678288462
31 31.0030817546971 -0.163076390373231 0.128036572042618 -156.522215044359 -0.0867338414022637 0 7.81026845725875
31.6071428571429 31.6081138215876 -0.15690932593891 0.12803194854709 -156.522126890621 0.562814598521537 0 7.81055050202726
31.6071428571429 31.6091042348979 -0.156949159686856 0.12802398420454 -156.52213090627 1.8206663389665 0 7.81103639457377
31.6071428571429 31.6096349622227 -0.156941196008694 0.128030830719291 -156.522129422172 0.854611741833918 0 7.81061869537121
31.75 31.7456740186907 -0.155539581304922 0.128024356085943 -156.522113367731 1.29053418309953 0 7.81101370530385
32.5 32.495074434763 -0.14850734119298 0.12800977460985 -156.522008654038 -0.773075106662288 0 7.81190345071551
32.5 32.5050162457217 -0.148356211310568 0.128012746539504 -156.522010748821 -1.88511109908156 0 7.81172209043577
32.5000000000001 32.5117153354456 -0.148309013113635 0.128009707631217 -156.522009550431 0.29617520172642 0 7.81190753814469
33.25 33.2330585802349 -0.141922831094145 0.127994611404106 -156.521905683967 2.27782661967814 0 7.81282890763884
33.3928571428572 33.3920544543631 -0.140626545204504 0.128002069873257 -156.521884251009 -2.01091398324148 0 7.81237366700524
33.3928571428572 33.4036218116097 -0.140486601480366 0.127992177286192 -156.521890537093 -1.72390103942687 0 7.81297748974135
34 33.9807194642017 -0.135754840371116 0.127976388259804 -156.521808853652 1.32324817219373 0 7.81394141214475
34.2857142857143 34.2830974098903 -0.1334334306955 0.127985766841985 -156.521762096865 0.179784830857828 0 7.81336881963314
34.2857142857144 34.2706305918408 -0.133456421681518 0.127964014355665 -156.521772260324 0.108117619611388 0 7.81469700708661
34.75 34.7411560419524 -0.129879326128998 0.127966295823167 -156.521705961298 -0.535384815602818 0 7.8145576815154
35.1785714285715 35.1687489451097 -0.126739939274834 0.127941247363591 -156.521655902143 0.817358744995203 0 7.81608762308017
35.1785714285715 35.1852924148622 -0.126660477811699 0.127977482903295 -156.521641916404 -1.68928799427281 0 7.813874576324
36.0714285714286 36.0745218871775 -0.120493759160774 0.127944392241421 -156.521527266582 -1.49720663662148 0 7.81589550336117
36.0714285714286 36.078746115897 -0.12041631651443 0.127933982078538 -156.521529952569 -3.21977673257701 0 7.81653149345499
36.9565217391304 36.94331103305 -0.11490681492614 0.127922302998577 -156.521404605945 71.6431564703933 0 7.81724512895238
36.9565217391304 36.9468938077143 -0.114831039596777 0.127937434369309 -156.52140567056 -28.7118714238725 0 7.81632057051703
36.9642857142858 36.9660543756928 -0.114741224469314 0.127920854031091 -156.521406116209 -1.13384365498445 0 7.81733367537519
37.8571428571429 37.8215254375957 -0.109620211095042 0.127911881517282 -156.521283665516 -0.775210769739256 0 7.817882030489
38.75 38.7506379817748 -0.104425592130155 0.127885843468893 -156.521164232474 1.99375596533876 0 7.81947378126526
39.6428571428572 39.6380375019105 -0.0998042204873525 0.12788186716547 -156.521040389799 0.681511842593125 0 7.81971691659827
40.5357142857143 40.5487598741824 -0.0953669124542099 0.127859051440611 -156.520922728516 -0.904643456015335 0 7.82111230087206
41.4285714285715 41.4268977568734 -0.0913664307245606 0.127832569733165 -156.520800021825 -3.0635665404875 0 7.82273251713063
42.3214285714286 42.319588347366 -0.0875572888225421 0.127807765070888 -156.520683794858 1.34422892240234 0 7.8242507366071
43.2142857142857 43.2091227219155 -0.0839916387163795 0.127802617060592 -156.520559775566 -0.389924177271514 0 7.82456590482724
44.1071428571429 44.1306020882084 -0.0805161873334191 0.127799545585886 -156.520429941552 0.694775114489087 0 7.82475395679686
48.9130434782609 48.83725545257 -0.0657507019907666 0.127687173816444 -156.519779059165 -51.8355196003691 0 7.83164017270478
48.9130434782609 48.8975719080663 -0.065555273375467 0.127713448058563 -156.519780419766 61.7546204085531 0 7.83002898442967
60 60.0750256721978 -0.043447788986509 0.127475618933955 -156.518263370688 15.6080767737546 0 7.84463733820422
60.8695652173913 60.8735473227869 -0.0423121111051028 0.127459742289272 -156.518149382024 -21.2403253958829 0 7.84561448218283
60.8695652173913 60.9268843707315 -0.0422291684456628 0.127454778367254 -156.518148908264 -93.1509074550811 0 7.84592004168376
68 68.0296369556052 -0.0338804709276422 0.127328275527997 -156.517183820693 31.3806380287786 0 7.85371509865552
72.8260869565217 72.8626823777375 -0.0295231554579435 0.127224855759138 -156.516493684843 -51.9873876817128 0 7.86009930239729
72.8260869565217 72.922324720716 -0.0294854674811244 0.127235851205547 -156.51649682643 46.1275479122224 0 7.8594200496566
76 76.1208366267053 -0.0270587653850282 0.127160578111018 -156.516069155392 87.4973717993166 0 7.86407245747926
84 83.9749059819109 -0.0222354864546135 0.126991028784311 -156.514955570791 7.25592557048745 0 7.87457200381026
84.7826086956522 84.5813618168292 -0.021908857246135 0.126997166442661 -156.514852398424 -137.392611213964 0 7.87419143285763
84.7826086956522 84.8142592849169 -0.0217980508945635 0.126951968233984 -156.514852373749 67.1692397597447 0 7.87699485018548
90 89.9801165367766 -0.0193568896027285 0.126894494257423 -156.514126897617 86.207574873008 0 7.88056255594006
92 91.9142007865529 -0.0185586287968502 0.126828891056847 -156.51384658413 -40.4752890705662 0 7.88463883636559
96.7391304347826 96.733702535655 -0.0167481446256921 0.126746942008396 -156.513189032213 -5.42747767947719 0 7.88973670018608
96.7391304347826 96.7393606107544 -0.0167532731603126 0.126740030219572 -156.513184631418 29.9836391629757 0 7.89016696830147
98.125 98.1517315072522 -0.0162696865565486 0.126719076473392 -156.512988858548 -15.332213113603 0 7.89147165391453
100 99.9076316299561 -0.0157065442150863 0.126654014390754 -156.512728198623 25.2062688997875 0 7.89552549763476
106.25 106.274681239342 -0.0138792992419107 0.126507003891516 -156.511839360883 -79.4972815821564 0 7.90470068248182
108 107.991380490695 -0.0134444752829745 0.126483205817369 -156.511596473813 100.575976010408 0 7.9061879681
108.695652173913 108.495481023195 -0.0133133492559908 0.126447650998414 -156.511499984319 17.149862234547 0 7.90841104681765
108.695652173913 108.770412647468 -0.0132517054013705 0.126482389732569 -156.511502595122 -85.2879260639078 0 7.90623898010131
114.375 114.450055275117 -0.0119636885861745 0.126355832360538 -156.510714314065 37.5101837126802 0 7.91415782966507
116 116.072329273727 -0.0116380218785864 0.126307177975129 -156.510476438615 -27.8982148528401 0 7.91720641717538
120.652173913043 120.480903575616 -0.0107978476060277 0.126236236315342 -156.509810868771 -14.0336615688095 0 7.92165569244296
120.652173913043 120.632137738987 -0.0107737378962354 0.126239046337774 -156.509796235656 98.0984668724427 0 7.9214793600732
122.5 122.337366643278 -0.0104718829773413 0.126187159542575 -156.509563445417 30.75830375721 0 7.92473658670954
124 124.004037116937 -0.010196546186889 0.126148431803807 -156.509344066441 -0.926659826796801 0 7.92716949153402
130.625 130.673607435263 -0.00917801161539178 0.125952243341562 -156.508407242824 -39.3054478868333 0 7.93951718103316
132 131.969529421615 -0.00900199963297148 0.125995630601752 -156.508195036836 -38.8942630117941 0 7.93678316640046
132.608695652174 132.549307446149 -0.0089231770283701 0.12593391125123 -156.508107675921 -21.5461818891323 0 7.94067292966916
138.75 138.949926693422 -0.0081175666009603 0.125801604039807 -156.507241739645 -68.3344895807959 0 7.94902424045066
140 139.919497703022 -0.00800870938493208 0.125748653784924 -156.507060824694 99.4223342521341 0 7.95237141632041
144.565217391304 144.651100624751 -0.00749212820798278 0.125627873636805 -156.506387735786 69.552864609186 0 7.9600169218102
146.875 146.926070239317 -0.00725932599987327 0.125612344630151 -156.506057875434 13.2987037985016 0 7.9610009903435
148 147.943797527911 -0.00716351862952363 0.125592693577697 -156.505875560113 -9.30988166731269 0 7.96224662051188
155 154.718589601096 -0.0065472537991281 0.125442534540711 -156.504888970372 79.4977687532035 0 7.97177770412045
156 156.077926441614 -0.00643604285617159 0.125402447288448 -156.504730871423 -14.3437868653912 0 7.97432603288692
163.125 162.926809732095 -0.00590312074911315 0.125218093470322 -156.503687313443 22.2794271883833 0 7.98606632864132
164 164.029743541338 -0.00582648858512325 0.125233584396704 -156.503616194212 119.852770817823 0 7.98507848208106
165 165.00710583369 -0.00575624533925979 0.125152975461685 -156.503416747609 66.2449528278405 0 7.99022153737087
171.25 171.366287197661 -0.00533666870454761 0.125092961522928 -156.502522496323 -37.2382996244263 0 7.99405488386897
172 172.250782840074 -0.00528342079833268 0.124989603180229 -156.502390783566 48.913631671371 0 8.00066545181398
173.04347826087 172.796950932003 -0.00524864441605105 0.124976455819959 -156.502215154672 1.66878586545345 0 8.00150711139221
179.375 179.27201899483 -0.00487603852160263 0.124840859756985 -156.50131976274 77.950251370341 0 8.01019795879808
180 180.303552810161 -0.00482180599374824 0.124825168801781 -156.501181006302 25.3207391095344 0 8.01120486837051
181.086956521739 181.037330430688 -0.00478123974613297 0.124778130011501 -156.501020770176 -61.9214344463189 0 8.01422492794072
187.5 187.539803741457 -0.00445494249406182 0.124670405685041 -156.50009447939 -2.16157776225394 0 8.02114980299603
188 187.452388384104 -0.00446204554057774 0.124632106991646 -156.499982420696 24.7453505743123 0 8.02361465386305
189.130434782609 189.335442753816 -0.00437164685024269 0.124608340416836 -156.499855278053 -119.920891424734 0 8.02514499956288
195.625 195.548427657417 -0.00409767765437978 0.124355028154259 -156.498848740863 -76.6737344174334 0 8.04149228899314
196 195.630009150481 -0.00409642642292163 0.124450055911739 -156.498803042193 76.5872367232628 0 8.03535195443554
197.173913043478 197.236371977473 -0.00402779681534583 0.124401481400425 -156.498652379293 9.39974317123957 0 8.03848948374809
204 204.389643684346 -0.00375327325349273 0.12422081086106 -156.497597356435 -48.3796758245841 0 8.05018090824164
205.217391304348 205.097696183475 -0.00372540718781498 0.124164383364395 -156.497407943524 -34.4647944776839 0 8.05383937731338
212 211.742690841636 -0.00349578884163977 0.123997027759689 -156.496377966707 -33.7412618996885 0 8.06470943753617
213.260869565217 213.223468784832 -0.00344721486781923 0.123956633041187 -156.496189423691 48.3583662486093 0 8.06733754754158
220 219.831841969384 -0.00324385937810313 0.123833940358505 -156.495170885689 -39.8394295512126 0 8.07533053624036
220 220.468136966568 -0.00322533284081004 0.123817952774462 -156.495136193527 -8.38363707435815 0 8.07637323661398
221.304347826087 221.725851853778 -0.00318740869906056 0.123740378761189 -156.49489674246 6.92315848287435 0 8.08143639134918
228 228.007913624274 -0.00301530364805135 0.123561196485681 -156.493910977689 96.5223625562543 0 8.09315568675221
228.125 227.83448886436 -0.00301952888541435 0.123567937170697 -156.493848975658 -51.1846664791393 0 8.09271420156995
229.347826086957 229.257279794165 -0.00298153635290604 0.123514479905846 -156.493684336151 12.4549960126701 0 8.09621674124597
236 235.75749807779 -0.00282006986599211 0.123282966503105 -156.492661308441 138.830061940564 0 8.11142064767571
236.25 236.373748740072 -0.00280583114436415 0.123297194217436 -156.492556227503 87.9904009997665 0 8.11048464117107
237.391304347826 237.460703293467 -0.00277866589991326 0.123226625642533 -156.492394713728 -35.7656988872956 0 8.11512929763161
244 243.763503814214 -0.0026382304688851 0.123062317301527 -156.491358461165 48.4289185894625 0 8.12596432382956
244.375 244.358454916172 -0.00262537869930425 0.123081605837475 -156.491317737972 -86.5787791401657 0 8.12469087639678
245.434782608696 245.559300346265 -0.00259842956210585 0.122968902250046 -156.491106959487 31.1318591484421 0 8.13213732661117
250 250.089067753409 -0.002505354433806 0.12290850317621 -156.490410606373 4.54432001846459 0 8.13613358032952
252 251.879779303952 -0.00247092980633186 0.122789866735403 -156.490053872475 -23.9495449952203 0 8.1439945053029
252.5 252.415290582577 -0.00246010227560046 0.122749904956344 -156.489972348667 -24.463236592001 0 8.14664581903875
253.478260869565 253.578705989403 -0.00243670226834773 0.122805095694374 -156.489848582648 21.4338572432575 0 8.14298457523872
257.142857142857 257.190435524933 -0.00236861255596587 0.122630628614975 -156.489231368867 -32.5320272031097 0 8.15456963153725
260 260.181318555143 -0.00231534779744165 0.122582703418775 -156.488797218294 73.7428525730339 0 8.15775775954077
260.625 260.697301885796 -0.00230621135196981 0.122557276332579 -156.4886721564 -21.4863371592732 0 8.1594502580682
261.521739130435 261.468022524443 -0.00229207381241269 0.122485149068619 -156.488541596441 7.61561464132967 0 8.16425507585231
264.285714285714 264.250985397937 -0.00224381485060235 0.122403841626864 -156.488063730633 -9.0198863023983 0 8.16967822830597
268.75 268.849840550051 -0.00216861752255483 0.122247723960213 -156.487268079918 -148.444854178856 0 8.18011139680162
271.428571428571 271.554568460803 -0.00212486034399559 0.122199624124292 -156.486902314286 -20.2419660241009 0 8.18333122680376
276.875 276.516674926215 -0.00205005024172665 0.122032105721518 -156.485988738864 -10.9080388488565 0 8.19456481626267
278.571428571429 278.515501472416 -0.00201990738250359 0.121952070997442 -156.485667284471 10.6673174031084 0 8.19994274653174
285 284.919809989449 -0.00193067595080366 0.121733778676289 -156.484579130319 -41.0066353634733 0 8.21464683733487
285.714285714286 285.601789955466 -0.00192080619594179 0.121696375114783 -156.484466333745 -13.2259236882974 0 8.217171621232
287.5 287.469974897034 -0.00189599960530512 0.121659394138598 -156.484163054389 -7.05009436243835 0 8.21966940638197
293.125 292.759074557414 -0.00182871770452504 0.121379195977286 -156.483102373551 6.19693694227935 0 8.23864412635532
295.3125 295.235185899665 -0.00179749594571125 0.121345758445524 -156.482753226208 15.0498354117531 0 8.24091433281477
301.25 301.224778088738 -0.00172737580830211 0.12114275538541 -156.481798549751 -20.7509275264213 0 8.25472391492623
303.125 303.189209524294 -0.00170453849229264 0.121006792781229 -156.481355099306 13.4910250870404 0 8.2639988798639
310.9375 310.898316806159 -0.00162090576282131 0.120771479167063 -156.480000835424 -0.970151812113926 0 8.28010062389565
318.75 318.54536295276 -0.00154393583841582 0.120370998739793 -156.478375048263 11.277290638748 0 8.30764893927408
327 326.994477948105 -0.00146515090080297 0.119871551646343 -156.476458013768 -1.28946063178677 0 8.34226291614461
334.666666666667 334.673239083167 -0.00139871173265682 0.119589953917676 -156.475112747603 3.94404697822314 0 8.36190639130426
