#T/K Taveraged/K integrand/(eV K^2) rho/A^-3 potentialEnergy/(eV) P/bar Ptarget/bar v/A^3
20 20.0074866738378 -0.391617203802806 0.129918129264038 -156.515566778229 0.920230467026488 0 7.69715516737204
20.8928571428571 20.8962900893505 -0.358982092680978 0.129895110885831 -156.515447836722 -0.0305699690681561 0 7.69851916042424
21.7857142857143 21.7912048852652 -0.330088039282119 0.129877708597696 -156.515325090953 -0.0493353616131922 0 7.69955068346299
22.6785714285714 22.6785955652067 -0.304775265392089 0.129843086393644 -156.515209457557 0.490975399628655 0 7.70160374167563
23.5714285714286 23.5616742959257 -0.282361144539435 0.129814992155523 -156.515089489259 0.106924767516181 0 7.70327050362538
24.4642857142857 24.4578490988542 -0.262033093011821 0.129810295054215 -156.514963968015 3.08879106206666 0 7.70354924147079
24.4642857142857 24.4629719098512 -0.261933721386706 0.129803386616303 -156.514964744787 2.05407502817954 0 7.70395924226526
25 24.9597070465871 -0.25160101755371 0.129788538355291 -156.514893785689 5.48078940823316 0 7.70484060204561
25 25.0095011007173 -0.250601990086812 0.129783106191269 -156.51489440175 0.287126891877593 0 7.70516309361747
25 25.0311827176529 -0.250187014785381 0.129792006502796 -156.514892731964 48.8766775321805 0 7.70463472246621
25.3571428571428 25.3519689928694 -0.243884046472278 0.129781388383182 -156.514843761867 -0.58533776791651 0 7.70526508044038
25.5 25.5261723729306 -0.240593478098564 0.129770516446144 -156.514824643615 45.8112891294646 0 7.70591061348677
25.75 25.7502722002669 -0.236391984253092 0.129760665882509 -156.514791198121 -0.991990116940922 0 7.70649559478557
26 25.9753915073746 -0.232332518635994 0.12976534235374 -156.514758648116 -55.0790580943006 0 7.70621786882048
26.25 26.2510000324349 -0.227477154582598 0.129767886894099 -156.514721270554 1.42132646008064 0 7.70606676223433
26.5 26.4841929583187 -0.223521473806135 0.129736688910905 -156.514689055118 3.51710762141828 0 7.70791985208392
26.5 26.5292965087914 -0.222732735290061 0.129756768030308 -156.514691412237 -0.786000043442483 0 7.70672709547165
27 27.016352812405 -0.214772473633472 0.129748224124273 -156.514619276145 -14.6721457679862 0 7.70723458258821
27.1428571428571 27.1632114556047 -0.212432479061153 0.129729656470103 -156.514603850293 -0.210492671823026 0 7.70833768630581
27.25 27.2592861136925 -0.210948465212475 0.129740135685218 -156.514587259799 -2.07038680861086 0 7.70771507767071
27.5 27.503674881421 -0.207219159362392 0.129729559338777 -156.514555450071 28.173163501472 0 7.70834345770489
28 27.9835549703517 -0.200157128017885 0.129712243320277 -156.514484666795 -1.94614977060136 0 7.70937248792208
28 27.9940210842502 -0.200017304327039 0.129723732802965 -156.51448441868 15.4929282123872 0 7.70868967761578
28.0357142857143 28.0449856031066 -0.199292075127104 0.129706159319252 -156.514479984136 -3.20295867463221 0 7.70973410398077
28.5 28.5479433898766 -0.192331376702068 0.129698807052855 -156.514421748965 21.2425677155484 0 7.71017114746844
28.75 28.7634674614637 -0.189461523772158 0.12968325787357 -156.514385878821 1.52565310512851 0 7.71109560630343
28.9285714285714 28.9303933363035 -0.187294662748731 0.12968382056481 -156.514357623721 -0.0689080695081247 0 7.71106214826737
29 29.0566651878453 -0.185692208878288 0.129691240626965 -156.51435411728 -41.5988956541383 0 7.71062097305658
29.5 29.4843306285527 -0.180313537617349 0.129676279566726 -156.514279511671 0.399810696212045 0 7.71151056570405
29.5 29.5215689410236 -0.179856495160856 0.12965790012149 -156.514282992319 -24.6746906179084 0 7.71260369837082
29.8214285714286 29.8223918966596 -0.176256421721702 0.129651383819654 -156.51424093173 2.31888337160972 0 7.71299133521788
30.25 30.2540489898653 -0.171257229023762 0.1296545980754 -156.514179367025 -1.69679331713032 0 7.71280012312758
30.7142857142857 30.726367639223 -0.166027578898506 0.129636299702135 -156.514116463809 -2.40878007401709 0 7.71388879733297
31 31.0160743874463 -0.162954246820529 0.129631503747479 -156.514077421234 -1.36155077597462 0 7.71417418676245
31.6071428571428 31.6245112958243 -0.156735322906232 0.129601774947934 -156.5139999772 1.58617659548861 0 7.7159437083461
31.75 31.7415447980934 -0.15558143307703 0.129613438939619 -156.513973217466 0.17436454800708 0 7.71524934590968
32.5 32.5030498060249 -0.148376736969438 0.129586915817584 -156.513877974978 -5.83383855245242 0 7.71682845980897
32.5 32.5140120461551 -0.148273683655063 0.129605269867576 -156.5138739167 -1.3894825291905 0 7.71573564116451
33.3928571428571 33.3973033276175 -0.140533371129629 0.12955834667468 -156.513755442603 -2.63548897811541 0 7.71853011146391
34.2857142857143 34.2893652269633 -0.133313793139992 0.129536556120334 -156.513630804817 -0.209888931810425 0 7.71982851752709
34.2857142857143 34.2932292383147 -0.133284355158268 0.129530000179236 -156.513633454054 -2.06049141812593 0 7.72021924354404
35.1785714285714 35.2024308153501 -0.126493183835965 0.129520185251597 -156.513513465012 -3.08932941313694 0 7.72080427508244
36.0714285714286 36.073742339486 -0.120454339926386 0.129495466268753 -156.5133892448 0.0797790137691617 0 7.72227807516142
36.8421052631579 36.8745675718505 -0.115288713001613 0.129439529631009 -156.513283420259 35.312826959297 0 7.7256152185556
36.9642857142857 36.9640569040829 -0.114717162158503 0.129465844346878 -156.513266657501 -0.468873189548796 0 7.72404494053814
37.8571428571429 37.8550085108506 -0.10938714453737 0.129442941840586 -156.513147264644 -0.00652251403541665 0 7.72541156575027
38.75 38.7555871018371 -0.104362681280313 0.129419888406236 -156.513025079533 -0.814468596841914 0 7.72678768553019
39.6428571428572 39.6400417143445 -0.0997525423531082 0.129396899005995 -156.512901542922 -1.27671024559887 0 7.72816047124643
40.5357142857143 40.5329643589806 -0.0954101863708044 0.129382783719714 -156.512773961239 -1.18994085847887 0 7.72900359112948
41.4285714285714 41.4116526987291 -0.0913968072301624 0.129362996615646 -156.512651119127 2.19422405871152 0 7.73018580399095
42.3214285714286 42.3133158540765 -0.0875452716449081 0.129327396452998 -156.512531091757 1.05108051729267 0 7.73231370480295
43.2142857142857 43.1946145239797 -0.0840122066666901 0.129292274805763 -156.512411691132 0.765152570697082 0 7.73441415198479
44.1071428571429 44.0870788860954 -0.080645420680963 0.129275503956904 -156.51229027465 0.200897468618758 0 7.73541753380725
48.6842105263158 48.7799350324152 -0.0658811809848328 0.129146198342828 -156.511658836703 41.2911141930444 0 7.74316249980063
60.5263157894737 60.5453506408259 -0.0427544742264369 0.128821807649986 -156.510022276693 -10.2061134036355 0 7.76266082771516
65 64.9617734422229 -0.0371407552566004 0.128713936295928 -156.509398326556 2.36999363110633 0 7.76916648482324
77.3333333333333 77.3543825859464 -0.0261912768459814 0.128327563221331 -156.507678501452 20.6309641072681 0 7.79255816051977
89.6666666666667 89.8265898270233 -0.0194225926637219 0.127987585005577 -156.505935713338 -49.3400860652829 0 7.8132578246275
102 101.959472814982 -0.0150763213602632 0.127573732368053 -156.504178757486 3.1825729934323 0 7.83860424428895
114.333333333333 114.158924674885 -0.0120265139904256 0.127194800485913 -156.502388374672 1.99660888253902 0 7.86195659083366
126.666666666667 126.620039193289 -0.00977574306608948 0.126806046916848 -156.500585070616 8.65593424268843 0 7.88605925595758
