#rho/A^-3 potentialEnergy/(eV) P/bar Ptarget/bar Tavg/K Ttarget/K v/A^3 avgEnthalpy/eV
0.122313957352633 -156.507989226711 -57.4308711048389 -50 149.97139261816 150 8.17568184076476 -156.488929603547
0.123277135761746 -156.50816678853 947.094641693489 950.005 150.029762185772 150 8.11180430029353 -156.484011399459
0.1240437440846 -156.508241800476 1940.26771187639 1950.01 150.317357845963 150 8.06167217363241 -156.47908053486
0.124852676676436 -156.508351681939 2953.67203918848 2950.015 150.049372552141 150 8.00943981835137 -156.474221416567
0.12572707898521 -156.508375484976 3950.74250316235 3950.02 150.172671159197 150 7.95373604534022 -156.469383008887
0.126449590150251 -156.508376382661 4944.09155683871 4950.025 150.128642851771 150 7.90828976837151 -156.464597078162
0.129378719251342 -156.508155242229 8591.3240898896 8590.90909090909 150.115597865476 150 7.72924639992236 -156.447333846506
0.130193732832526 -156.50803434388 9549.69053717658 9545.45454545455 149.726385948801 150 7.68086126915453 -156.442930029887
0.130901543241297 -156.50792347058 10505.1810130106 10500 150.011057752036 150 7.63932934050025 -156.438481964074
