#rho/A^-3 potentialEnergy/(eV) P/bar Ptarget/bar Tavg/K Ttarget/K v/A^3 avgEnthalpy/eV
0.123869648153388 -156.489933648626 44.2524159853622 -50 225.246952161349 225 8.07300266778587 -156.460704829716
0.124252276264255 -156.48998462279 583.817061475849 452.380952380952 224.361956462081 225 8.04814229618812 -156.458148115824
0.124558919648272 -156.490086984037 926.043950528866 954.761904761905 225.150885968136 225 8.02832910580618 -156.456437731213
0.125210504860723 -156.490457414934 1371.11433001041 1457.14285714286 224.393486071681 225 7.9865503386664 -156.454712848817
0.125419505391648 -156.490323008968 1744.07341682439 1959.52380952381 224.259399690181 225 7.97324145775647 -156.452745419261
0.125748262073488 -156.49062436787 2520.02737822658 2461.90476190476 224.751680003617 225 7.9523961883115 -156.449157850354
0.126135708313619 -156.490697555103 3030.43618296227 2964.28571428571 225.264688119337 225 7.92796911651409 -156.446684674068
0.126491176071607 -156.49080310139 3361.38925575345 3466.66666666667 224.722438441676 225 7.90568979636888 -156.445273046682
0.126936264351525 -156.490813414704 3890.02932104074 3969.04761904762 224.624468425112 225 7.87796935027723 -156.442762873084
0.12714877641686 -156.490882665841 4290.54966947762 4471.42857142857 225.280298256521 225 7.86480238489658 -156.440803665556
0.127571230319718 -156.490918287557 4882.71671189257 4973.80952380952 224.72774153399 225 7.8387579824527 -156.438075547195
0.127861704007705 -156.491005762941 5540.47164339724 5476.19047619048 225.651482584368 225 7.82095004724591 -156.434897087847
0.12825534713433 -156.490976322329 6210.983435539 5978.57142857143 225.455123111189 225 7.79694587667084 -156.431707121042
0.128502237472538 -156.490891458931 6476.36519501058 6480.95238095238 224.108112210224 225 7.78196566587964 -156.430562570617
0.128927942748302 -156.491064434023 6887.17864492439 6983.33333333333 224.800761210191 225 7.75627050803282 -156.428757127437
0.129199006247555 -156.491042951096 7509.35698810907 7485.71428571429 224.266078515534 225 7.73999761332469 -156.425882710911
