#rho/A^-3 potentialEnergy/(eV) P/bar Ptarget/bar Tavg/K Ttarget/K v/A^3 avgEnthalpy/eV
0.115462210901015 -156.478170998046 -59.8411861690306 -50 300.20988593557 300 8.66084229806838 -156.439712342149
0.116736235751695 -156.479068681929 873.613527570894 950.005 299.661152132814 300 8.56632041936883 -156.435692087895
0.118105764825061 -156.480030499563 1994.62004667924 1950.005 299.897788511778 300 8.4669872082976 -156.430751365735
0.119237227818934 -156.480547023453 2992.03252774136 2950.0100005001 299.868219950465 300 8.38664247980115 -156.42615271849
0.122764230609887 -156.481792768411 6653.22233456576 6650 300.294587911585 300 8.14569516733047 -156.409179152719
0.123646875872105 -156.481954537706 7555.30160963251 7600 299.713870223612 300 8.08754764685166 -156.405102812971
0.124368281512204 -156.481997650169 8669.91656504613 8550 299.92127754512 300 8.04063534400343 -156.399747727773
0.125294492138868 -156.482310594134 9457.64469520826 9500 300.086495395746 300 7.98119680226383 -156.39644028518
0.126031021503664 -156.482340354126 10400.91928044 10500 300.048840717792 300 7.93455443008471 -156.392072537496
