#rho/A^-3 potentialEnergy/(eV) P/bar Ptarget/bar Tavg/K Ttarget/K v/A^3 avgEnthalpy/eV
0.0700292666139586 -156.493575047191 -5.21888893873308 0 175.023079463474 175 14.2797440034975 -156.471024666873
0.0713568708588885 -156.49408644937 975.801001312767 1000 175.001902501394 175 14.0140674326589 -156.462960144251
0.0725468433306046 -156.49424997132 1994.15670618152 2000 175.086333934906 175 13.7841972729658 -156.454490156785
0.0736135703471005 -156.494325706163 2982.01558994263 3000 174.922422980484 175 13.5844518243692 -156.446460009305
0.0746203418043958 -156.49424427437 4008.41722718275 4000 175.009521774604 175 13.4011715280175 -156.438124881891
0.0755276082631077 -156.494026647967 4979.85829187791 5000 174.964338451633 175 13.240191540508 -156.430283123591
0.0763854050574561 -156.493738382522 6008.01742893357 6000 175.007828272339 175 13.0915061489536 -156.422054332486
0.0771555981169613 -156.493386317643 6981.80249606639 7000 175.113462794367 175 12.9608223434946 -156.414299232622
0.0779947492177925 -156.492851268461 8003.46036190242 8000 174.693747101262 175 12.8213759263153 -156.406255204416
