#rho/A^-3 potentialEnergy/(eV) P/bar Ptarget/bar Tavg/K Ttarget/K v/A^3 avgEnthalpy/eV
0.11829860025205 -156.488323201163 13.5792933176979 -50 250.021449129715 250 8.45318539584893 -156.455954651427
0.119287833986794 -156.488628662545 975.154995713391 950.005 249.810676800279 250 8.3830845659475 -156.451260929493
0.120236555415535 -156.488984565044 1969.93778953712 1950.01 249.904187092082 250 8.31693819358033 -156.446480859574
0.121201278886891 -156.489254219858 3054.45985177862 2950.015 250.098961638813 250 8.25073802177645 -156.44122122427
0.122099661352742 -156.489477999727 4003.57411725515 3950.015 249.684606911659 250 8.19003090525399 -156.436760820072
0.122913337426415 -156.489639258044 4927.81967839507 4950.0200005002 250.183065599316 250 8.13581358165196 -156.432298336095
0.125153529358513 -156.489901987336 7534.26600194249 7600 250.24886393676 250 7.99018617473753 -156.420001547457
0.125983290401584 -156.489943656145 8461.53374805958 8550 250.105580787562 250 7.93756058293449 -156.415720246798
0.126724559908916 -156.489901021995 9533.85353899778 9500 249.937784095079 250 7.891130185962 -156.410660985221
0.12752176324409 -156.489890963312 10466.078413579 10500 249.874323497961 250 7.84179872172796 -156.406390179169
