#rho/A^-3 potentialEnergy/(eV) P/bar Ptarget/bar Tavg/K Ttarget/K v/A^3 avgEnthalpy/eV
0.0988330606582643 -156.492673441381 -12.578965753157 0 224.948968906238 225 10.1180717599924 -156.463722186959
0.0999747904326037 -156.492907845534 985.166781906932 1000 224.874158632387 225 10.0025215924222 -156.457731611751
0.10100908447134 -156.4930917196 1943.86864075587 2000 224.708662600116 225 9.90009963196667 -156.452078065902
0.102027455794255 -156.493253574619 2935.17137488549 3000 224.949371813279 225 9.80128331354813 -156.446269372859
0.102995742676525 -156.493282430637 3991.58871500529 4000 225.040178435236 225 9.70913917423428 -156.440047122822
0.103957251059547 -156.493275660581 5019.78920970986 5000 224.561331131316 225 9.61933862051817 -156.434150971326
0.104881030826192 -156.493221982836 5996.66355871503 6000 224.697362337876 225 9.53461261891287 -156.428533563286
0.105816403051935 -156.493028616167 7017.82981369108 7000 225.223794557595 225 9.4503306780254 -156.422567002987
0.10677163426774 -156.492870373379 7969.79955449366 8000 224.954467293993 225 9.36578340172637 -156.417247860528
