#rho/A^-3 potentialEnergy/(eV) P/bar Ptarget/bar Tavg/K Ttarget/K v/A^3 avgEnthalpy/eV
0.0914059070635672 -156.496629827396 -9.74366164219055 0 174.987627057487 175 10.9402119854744 -156.474102523911
0.0941934770760416 -156.497430074821 1004.24145627947 1000 175.197081852971 175 10.6164463935513 -156.468159637412
0.0969804379030037 -156.497691380604 1957.76415688501 2000 175.011868534546 175 10.3113578534278 -156.462495763973
0.0985677261911365 -156.498091465358 3003.53979337355 3000 175.340123836867 175 10.1453085978758 -156.456434973294
0.10005955904843 -156.497984833324 3914.49288674481 4000 175.089378805951 175 9.99404764032579 -156.45096209145
0.101567614979065 -156.497612427516 5016.57191955334 5000 174.8623857461 175 9.84565799055257 -156.444207383174
0.104384008845886 -156.496851697531 5992.94807126164 6000 175.122849822889 175 9.58001145057014 -156.438409122866
0.108444225045372 -156.495967788532 7020.81242170055 7000 174.798233810575 175 9.22133013151792 -156.432993050474
0.11237480832566 -156.494882513853 8034.31154245904 8000 175.067352729088 175 8.8987915966185 -156.427653170496
