#rho/A^-3 potentialEnergy/(eV) P/bar Ptarget/bar Tavg/K Ttarget/K v/A^3 avgEnthalpy/eV
0.0702735990949815 -156.487454324853 8.53608597305177 0 199.782338368818 200 14.2300951264557 -156.461578007658
0.0717248970325619 -156.48793164581 986.214552301348 1000 200.128199636076 200 13.9421601336844 -156.45350872977
0.0729184476067875 -156.488143926364 1996.69540546179 2000 200.040930524193 200 13.7139507603412 -156.445223966139
0.0740432659723589 -156.488135837445 3003.63505119233 3000 199.924824355257 200 13.5056171127474 -156.436998155704
0.0750629946444374 -156.4880567707 4009.21206754645 4000 199.942604074438 200 13.3221436839398 -156.428899406513
0.0760345508743311 -156.487796952017 5008.02286297998 5000 200.068190748259 200 13.1519156554602 -156.420852458852
0.0858645196972209 -156.486343494757 6032.81956515167 6000 199.951858131034 200 11.646253930334 -156.416723337994
0.1165367162353 -156.489117016161 7019.48852891031 7000 199.855127611137 200 8.58098659636927 -156.425715006888
0.118629240748772 -156.489459565211 7969.60241660159 8000 199.859588210477 200 8.429624885805 -156.421722913555
