#rho/A^-3 potentialEnergy/(eV) P/bar Ptarget/bar Tavg/K Ttarget/K v/A^3 avgEnthalpy/eV
0.0902155682768156 -156.505568165631 -81.3366066516378 -100 200.105412483578 200 11.0845613357067 -156.480284441557
0.0911684873996819 -156.505840935158 881.754593885466 905 200.105430318413 200 10.968702328207 -156.473957564893
0.0920197035471773 -156.505963249121 1915.26582184089 1910 200.226325483432 200 10.8672377920378 -156.467109006053
0.0921370379584855 -156.505964554327 2033.48989773273 2000 199.996906165592 200 10.8533986131676 -156.466357669298
0.0929061082334778 -156.506019998425 2921.26893958719 2915 200.123754108897 200 10.7635549374961 -156.460543949002
0.0930269771606838 -156.506048700281 2960.44356139101 3000 199.891667865893 200 10.7495699690716 -156.460367524716
0.0937777452965008 -156.50601382984 3899.53128875474 3920 200.294843115897 200 10.6635108024645 -156.454186653295
0.0938414214857694 -156.506006570848 4000.06606823875 4000 200.0204626104 200 10.6562750666735 -156.453566683023
0.0946471989957402 -156.50596550657 4994.19920694365 5000 199.948213444744 200 10.5655530286217 -156.447205305901
