#rho/A^-3 potentialEnergy/(eV) P/bar Ptarget/bar Tavg/K Ttarget/K v/A^3 avgEnthalpy/eV
0.102093153990772 -156.515107534269 -11.5314230376977 0 74.9544235577655 75 9.79497606754697 -156.505502723607
0.102979091335707 -156.515169481709 1013.17444187186 1000 74.896670614283 75 9.7107091063762 -156.499362264269
0.103871820459962 -156.515160367777 2029.09463335873 2000 75.0341883677472 75 9.62725015862659 -156.49328592366
0.104705302518718 -156.515121984461 3002.23515127791 3000 75.1560052995218 75 9.55061468659844 -156.487526976469
0.105579226891962 -156.515026167103 4003.87089477927 4000 74.932653459257 75 9.47156016801764 -156.481687829447
0.106396422307418 -156.514891907348 4973.37000356008 5000 74.9929525715827 75 9.39881227500895 -156.476037992054
0.107249898310619 -156.514686319696 6016.23918103885 6000 75.1072422473192 75 9.32401816460269 -156.469981220719
0.108049984785886 -156.514474158549 6979.76165480592 7000 74.9776347204198 75 9.25497585197831 -156.464476565388
0.108952112995516 -156.514159477886 8007.68587287485 8000 75.1811846312119 75 9.17834425148924 -156.458583584634
