#rho/A^-3 potentialEnergy/(eV) P/bar Ptarget/bar Tavg/K Ttarget/K v/A^3 avgEnthalpy/eV
0.128157452965553 -156.523022529258 43.5785948366056 0 24.9843979808555 25 7.80290164059976 -156.519584960514
0.128163758950517 -156.523020894498 33.9681810539504 0 24.9559443514589 25 7.80251771786822 -156.519634901013
0.128764586256677 -156.52302987427 1051.75346213051 1000 25.0032075693227 25 7.76611045840364 -156.514704805168
0.128775030169396 -156.523025271719 1049.0897228567 1000 24.9748874516154 25 7.76548061129986 -156.514716302559
0.128776596963737 -156.523027300332 1060.64251657185 1000 24.9517711062971 25 7.76538613053736 -156.514667230166
0.128777796207186 -156.523021888669 1033.79654350725 1000 25.0239247187045 25 7.7653138153656 -156.514781210312
0.129366003499665 -156.523014109113 1981.72491378795 2000 24.9811952006965 25 7.73000612948971 -156.510228696225
0.129382372738843 -156.523008385591 1969.75683509934 2000 25.007688603756 25 7.72902814217584 -156.510277671527
0.129383040590074 -156.523010824095 2005.16114872965 2000 24.9939636605369 25 7.72898824636773 -156.510112076697
0.129385827992126 -156.523008269939 2010.2988477614 2000 24.9717815534517 25 7.72882173819577 -156.510086575541
0.129978153709472 -156.522974376617 2987.63271104483 3000 25.0060301115144 25 7.69360058948985 -156.50540106593
0.129981601048312 -156.522977088804 2999.54788896098 3000 25.0331304907788 25 7.69339654177914 -156.50534136522
0.129985325667165 -156.522974403101 2982.61135637627 3000 25.0191844765104 25 7.6931760940505 -156.505422767717
0.129988597825359 -156.522970682827 3000.10512090883 3000 25.0210629170378 25 7.69298243637883 -156.505336431893
0.130576078226194 -156.522914197498 3979.84735105878 4000 24.9968406854571 25 7.65837061109862 -156.500663559973
0.130581691388553 -156.522910053773 4017.3591073865 4000 24.9332589247574 25 7.65804140968309 -156.500489872969
0.130584808804905 -156.522912111118 4000.25851422373 4000 24.9691443568374 25 7.65785859130067 -156.500568751774
0.130593657067528 -156.522903105795 3981.53696266499 4000 25.0099555241808 25 7.65733973957799 -156.500645342142
0.131174782314474 -156.522837694831 4975.12560002177 5000 25.0231871494883 25 7.6234165009143 -156.495934812709
0.131179737471029 -156.522828443497 5014.21638237589 5000 25.0065583925 25 7.62312853553965 -156.495742919925
0.131189550734785 -156.522826831054 4985.23289653071 5000 25.0004189179872 25 7.62255830894352 -156.495883177306
0.131190210487317 -156.522824017213 5035.33053166988 5000 24.9522321580182 25 7.62251997527419 -156.495646585228
0.131781776752695 -156.522728269712 5995.30236814863 6000 24.9839526156732 25 7.58830260633553 -156.491108606712
0.131783006820193 -156.522729081106 6004.73510134111 6000 25.0195622065623 25 7.58823177683614 -156.491059475354
0.131789435807509 -156.52272603267 5998.53368245005 6000 25.005604090339 25 7.58786160569497 -156.491089058206
0.131791427600267 -156.522721976353 6031.08611602986 6000 25.0144599764626 25 7.58774692867789 -156.490930885063
0.132378377779624 -156.52260462288 7016.13135715193 7000 25.0112137911597 25 7.55410374996998 -156.486295970897
0.132381575474534 -156.522601778601 6969.60436337208 7000 24.9772805256503 25 7.55392127956935 -156.486517287952
0.132388419172332 -156.522602957456 7003.05834626981 7000 25.0143961120897 25 7.55353078654323 -156.486357053055
0.13239161516022 -156.522600543948 6990.77850773965 7000 24.9936186641753 25 7.5533484412121 -156.48641684846
0.132992114940414 -156.522458314178 8008.83593158048 8000 24.9649847309307 25 7.519242779529 -156.481649397822
0.132998551396696 -156.522452788343 7984.88975436791 8000 24.9830123632704 25 7.51887888626163 -156.481754889017
0.132998618627173 -156.522456621284 7989.88642377411 8000 24.9757719016696 25 7.5188750854867 -156.481736015669
0.133000976308313 -156.522460888299 7992.23386027834 8000 25.0256155071823 25 7.51874179992391 -156.48172519903
0.133001644524282 -156.522452004326 7994.65443287164 8000 24.9749698082642 25 7.51870402487716 -156.481710328755
0.13301140949388 -156.522447176658 8026.72300967533 8000 25.0337086827152 25 7.51815204278404 -156.481552127736
0.13361556091659 -156.522292087488 8993.58337335032 9000 24.9910613753673 25 7.48415823082353 -156.477054337
0.133624240339563 -156.522280267196 9005.90500802633 9000 25.008553154545 25 7.48367210514216 -156.476985497704
0.133625063442447 -156.522281015456 8994.91841857811 9000 25.0092290921204 25 7.48362600726252 -156.477039608522
0.134248824917666 -156.522095434269 10008.9536841289 10000 25.0344595221139 25 7.44885477108118 -156.472330857722
0.134256199573568 -156.52209053984 9976.53429063293 10000 25.017344210867 25 7.44844560754926 -156.472480481636
0.134260233153807 -156.522087555707 9978.57791474096 10000 24.9900442544967 25 7.44822183389488 -156.472472695921
0.134901564798641 -156.521874392831 11040.4418022742 11000 24.982246425004 25 7.4128124569395 -156.467568050795
0.134906608977985 -156.521866207049 11010.9685259012 11000 24.9887570502908 25 7.412535290715 -156.467697820366
0.134919003298915 -156.521863114294 10994.615809838 11000 24.9762525206626 25 7.41185433889164 -156.467776546737
0.135581877375335 -156.521622520939 11985.9673237549 12000 25.0108250315226 25 7.3756170024971 -156.463216250132
0.135583313262019 -156.52161726061 11985.2904946618 12000 25.0215470547585 25 7.37553889148192 -156.463214386437
0.135584266772903 -156.521619747857 12028.9031068739 12000 25.0188805747801 25 7.37548702221438 -156.46301570834
0.136300197094477 -156.5213307427 12988.7732250115 13000 25.0117859249261 25 7.33674654415095 -156.458623927365
0.136304279519353 -156.521408170145 12999.3643859977 13000 25.00541922379 25 7.33652680257933 -156.458654709737
0.136665961668383 -156.521252680662 13503.3776602508 13500 25.019600229019 25 7.31711091622415 -156.456353633002
0.137059995304495 -156.521085738306 14005.4252458372 14000 24.9991386005107 25 7.29607496175949 -156.454080047949
0.137066538290369 -156.52100914884 14022.0619940157 14000 25.027166620303 25 7.29572667751738 -156.453927951069
0.137454462145384 -156.520905317548 14500.2578165658 14500 24.9993402976532 25 7.27513668448471 -156.451836497857
0.13789594230011 -156.520633352787 14963.6669727792 15000 24.9984897720292 25 7.25184500225283 -156.449677581127
0.137901791925286 -156.520697587651 15004.8458632488 15000 24.9760996482048 25 7.25153738786649 -156.449560102516
0.138367108359325 -156.520481864293 15507.7495451474 15500 25.0151981107084 25 7.22715110445979 -156.447299825599
0.138863078974615 -156.520162946694 16012.3650537294 16000 24.9997813672568 25 7.20133823464193 -156.444964214988
0.138874764222691 -156.520150627787 15962.6392040549 16000 25.0130128441768 25 7.20073229716854 -156.445181106948
0.138875342708761 -156.520151513879 16007.0487969299 16000 25.0692735038499 25 7.20070230247516 -156.444975623478
0.138893719599887 -156.520142747649 16009.4148134412 16000 24.9806024116812 25 7.19974958465159 -156.444975803644
0.140084221836232 -156.519545563947 17051.7258180131 17000 24.984217496711 25 7.13856269387048 -156.440345434324
0.140106722155608 -156.519525748853 17038.2133542507 17000 24.9588285012519 25 7.13741628249187 -156.440402751396
0.140518499420139 -156.519390696525 17251.7603401088 17250 25.0083982965151 25 7.11650070365527 -156.439533579021
0.141726887715282 -156.51876041321 17756.3786815916 17760 25.0096485331639 25 7.05582417084415 -156.43733410965
