#rho/A^-3 potentialEnergy/(eV) P/bar Ptarget/bar Tavg/K Ttarget/K v/A^3 avgEnthalpy/eV
0.113707149014506 -156.498833753748 -29.8344728374487 0 125.049521926849 125 8.794521792754 -156.482855073298
0.114721517169892 -156.499608825756 1012.25441430778 1000 124.967129091689 125 8.71676059268889 -156.477970506274
0.115908437874776 -156.499828940121 1974.37925370913 2000 124.900480415303 125 8.62749958791071 -156.473076138495
0.116990203839846 -156.499949508741 2981.73928898463 3000 125.113878010595 125 8.54772422970518 -156.46789337297
0.118163078861577 -156.500003040064 4022.0939800005 4000 125.055885998542 125 8.46288036529124 -156.462614561608
0.119261692188013 -156.500045649393 4990.01217788729 5000 125.130909461354 125 8.38492211248794 -156.457778797694
0.120238954359612 -156.500030368478 6045.40949008915 6000 124.967885526708 125 8.31677225842457 -156.452520492187
0.121243756554326 -156.499926052289 7013.7697211034 7000 124.980729250913 125 8.24784738133649 -156.447689087826
0.122172595026615 -156.499741537937 8014.13510803866 8000 125.052446667954 125 8.18514168240556 -156.442655950329
